# Number of t values
451
# time(s)
            0
   5.0000e-02
   1.0000e-01
   1.5000e-01
   2.0000e-01
   2.5000e-01
   3.0000e-01
   3.5000e-01
   4.0000e-01
   4.5000e-01
   5.0000e-01
   5.5000e-01
   6.0000e-01
   6.5000e-01
   7.0000e-01
   7.5000e-01
   8.0000e-01
   8.5000e-01
   9.0000e-01
   9.5000e-01
   1.0000e+00
   1.0500e+00
   1.1000e+00
   1.1500e+00
   1.2000e+00
   1.2500e+00
   1.3000e+00
   1.3500e+00
   1.4000e+00
   1.4500e+00
   1.5000e+00
   1.5500e+00
   1.6000e+00
   1.6500e+00
   1.7000e+00
   1.7500e+00
   1.8000e+00
   1.8500e+00
   1.9000e+00
   1.9500e+00
   2.0000e+00
   2.0500e+00
   2.1000e+00
   2.1500e+00
   2.2000e+00
   2.2500e+00
   2.3000e+00
   2.3500e+00
   2.4000e+00
   2.4500e+00
   2.5000e+00
   2.5500e+00
   2.6000e+00
   2.6500e+00
   2.7000e+00
   2.7500e+00
   2.8000e+00
   2.8500e+00
   2.9000e+00
   2.9500e+00
   3.0000e+00
   3.0500e+00
   3.1000e+00
   3.1500e+00
   3.2000e+00
   3.2500e+00
   3.3000e+00
   3.3500e+00
   3.4000e+00
   3.4500e+00
   3.5000e+00
   3.5500e+00
   3.6000e+00
   3.6500e+00
   3.7000e+00
   3.7500e+00
   3.8000e+00
   3.8500e+00
   3.9000e+00
   3.9500e+00
   4.0000e+00
   4.0500e+00
   4.1000e+00
   4.1500e+00
   4.2000e+00
   4.2500e+00
   4.3000e+00
   4.3500e+00
   4.4000e+00
   4.4500e+00
   4.5000e+00
   4.5500e+00
   4.6000e+00
   4.6500e+00
   4.7000e+00
   4.7500e+00
   4.8000e+00
   4.8500e+00
   4.9000e+00
   4.9500e+00
   5.0000e+00
   5.0500e+00
   5.1000e+00
   5.1500e+00
   5.2000e+00
   5.2500e+00
   5.3000e+00
   5.3500e+00
   5.4000e+00
   5.4500e+00
   5.5000e+00
   5.5500e+00
   5.6000e+00
   5.6500e+00
   5.7000e+00
   5.7500e+00
   5.8000e+00
   5.8500e+00
   5.9000e+00
   5.9500e+00
   6.0000e+00
   6.0500e+00
   6.1000e+00
   6.1500e+00
   6.2000e+00
   6.2500e+00
   6.3000e+00
   6.3500e+00
   6.4000e+00
   6.4500e+00
   6.5000e+00
   6.5500e+00
   6.6000e+00
   6.6500e+00
   6.7000e+00
   6.7500e+00
   6.8000e+00
   6.8500e+00
   6.9000e+00
   6.9500e+00
   7.0000e+00
   7.0500e+00
   7.1000e+00
   7.1500e+00
   7.2000e+00
   7.2500e+00
   7.3000e+00
   7.3500e+00
   7.4000e+00
   7.4500e+00
   7.5000e+00
   7.5500e+00
   7.6000e+00
   7.6500e+00
   7.7000e+00
   7.7500e+00
   7.8000e+00
   7.8500e+00
   7.9000e+00
   7.9500e+00
   8.0000e+00
   8.0500e+00
   8.1000e+00
   8.1500e+00
   8.2000e+00
   8.2500e+00
   8.3000e+00
   8.3500e+00
   8.4000e+00
   8.4500e+00
   8.5000e+00
   8.5500e+00
   8.6000e+00
   8.6500e+00
   8.7000e+00
   8.7500e+00
   8.8000e+00
   8.8500e+00
   8.9000e+00
   8.9500e+00
   9.0000e+00
   9.0500e+00
   9.1000e+00
   9.1500e+00
   9.2000e+00
   9.2500e+00
   9.3000e+00
   9.3500e+00
   9.4000e+00
   9.4500e+00
   9.5000e+00
   9.5500e+00
   9.6000e+00
   9.6500e+00
   9.7000e+00
   9.7500e+00
   9.8000e+00
   9.8500e+00
   9.9000e+00
   9.9500e+00
   1.0000e+01
   1.0050e+01
   1.0100e+01
   1.0150e+01
   1.0200e+01
   1.0250e+01
   1.0300e+01
   1.0350e+01
   1.0400e+01
   1.0450e+01
   1.0500e+01
   1.0550e+01
   1.0600e+01
   1.0650e+01
   1.0700e+01
   1.0750e+01
   1.0800e+01
   1.0850e+01
   1.0900e+01
   1.0950e+01
   1.1000e+01
   1.1050e+01
   1.1100e+01
   1.1150e+01
   1.1200e+01
   1.1250e+01
   1.1300e+01
   1.1350e+01
   1.1400e+01
   1.1450e+01
   1.1500e+01
   1.1550e+01
   1.1600e+01
   1.1650e+01
   1.1700e+01
   1.1750e+01
   1.1800e+01
   1.1850e+01
   1.1900e+01
   1.1950e+01
   1.2000e+01
   1.2050e+01
   1.2100e+01
   1.2150e+01
   1.2200e+01
   1.2250e+01
   1.2300e+01
   1.2350e+01
   1.2400e+01
   1.2450e+01
   1.2500e+01
   1.2550e+01
   1.2600e+01
   1.2650e+01
   1.2700e+01
   1.2750e+01
   1.2800e+01
   1.2850e+01
   1.2900e+01
   1.2950e+01
   1.3000e+01
   1.3050e+01
   1.3100e+01
   1.3150e+01
   1.3200e+01
   1.3250e+01
   1.3300e+01
   1.3350e+01
   1.3400e+01
   1.3450e+01
   1.3500e+01
   1.3550e+01
   1.3600e+01
   1.3650e+01
   1.3700e+01
   1.3750e+01
   1.3800e+01
   1.3850e+01
   1.3900e+01
   1.3950e+01
   1.4000e+01
   1.4050e+01
   1.4100e+01
   1.4150e+01
   1.4200e+01
   1.4250e+01
   1.4300e+01
   1.4350e+01
   1.4400e+01
   1.4450e+01
   1.4500e+01
   1.4550e+01
   1.4600e+01
   1.4650e+01
   1.4700e+01
   1.4750e+01
   1.4800e+01
   1.4850e+01
   1.4900e+01
   1.4950e+01
   1.5000e+01
   1.5050e+01
   1.5100e+01
   1.5150e+01
   1.5200e+01
   1.5250e+01
   1.5300e+01
   1.5350e+01
   1.5400e+01
   1.5450e+01
   1.5500e+01
   1.5550e+01
   1.5600e+01
   1.5650e+01
   1.5700e+01
   1.5750e+01
   1.5800e+01
   1.5850e+01
   1.5900e+01
   1.5950e+01
   1.6000e+01
   1.6050e+01
   1.6100e+01
   1.6150e+01
   1.6200e+01
   1.6250e+01
   1.6300e+01
   1.6350e+01
   1.6400e+01
   1.6450e+01
   1.6500e+01
   1.6550e+01
   1.6600e+01
   1.6650e+01
   1.6700e+01
   1.6750e+01
   1.6800e+01
   1.6850e+01
   1.6900e+01
   1.6950e+01
   1.7000e+01
   1.7050e+01
   1.7100e+01
   1.7150e+01
   1.7200e+01
   1.7250e+01
   1.7300e+01
   1.7350e+01
   1.7400e+01
   1.7450e+01
   1.7500e+01
   1.7550e+01
   1.7600e+01
   1.7650e+01
   1.7700e+01
   1.7750e+01
   1.7800e+01
   1.7850e+01
   1.7900e+01
   1.7950e+01
   1.8000e+01
   1.8050e+01
   1.8100e+01
   1.8150e+01
   1.8200e+01
   1.8250e+01
   1.8300e+01
   1.8350e+01
   1.8400e+01
   1.8450e+01
   1.8500e+01
   1.8550e+01
   1.8600e+01
   1.8650e+01
   1.8700e+01
   1.8750e+01
   1.8800e+01
   1.8850e+01
   1.8900e+01
   1.8950e+01
   1.9000e+01
   1.9050e+01
   1.9100e+01
   1.9150e+01
   1.9200e+01
   1.9250e+01
   1.9300e+01
   1.9350e+01
   1.9400e+01
   1.9450e+01
   1.9500e+01
   1.9550e+01
   1.9600e+01
   1.9650e+01
   1.9700e+01
   1.9750e+01
   1.9800e+01
   1.9850e+01
   1.9900e+01
   1.9950e+01
   2.0000e+01
   2.0050e+01
   2.0100e+01
   2.0150e+01
   2.0200e+01
   2.0250e+01
   2.0300e+01
   2.0350e+01
   2.0400e+01
   2.0450e+01
   2.0500e+01
   2.0550e+01
   2.0600e+01
   2.0650e+01
   2.0700e+01
   2.0750e+01
   2.0800e+01
   2.0850e+01
   2.0900e+01
   2.0950e+01
   2.1000e+01
   2.1050e+01
   2.1100e+01
   2.1150e+01
   2.1200e+01
   2.1250e+01
   2.1300e+01
   2.1350e+01
   2.1400e+01
   2.1450e+01
   2.1500e+01
   2.1550e+01
   2.1600e+01
   2.1650e+01
   2.1700e+01
   2.1750e+01
   2.1800e+01
   2.1850e+01
   2.1900e+01
   2.1950e+01
   2.2000e+01
   2.2050e+01
   2.2100e+01
   2.2150e+01
   2.2200e+01
   2.2250e+01
   2.2300e+01
   2.2350e+01
   2.2400e+01
   2.2450e+01
   2.2500e+01
# water height
  -1.1900e-05
  -1.8912e-06
   7.3930e-06
   1.5700e-05
   2.2800e-05
   2.8700e-05
   3.3200e-05
   3.6400e-05
   3.8400e-05
   3.9300e-05
   3.9300e-05
   3.8400e-05
   3.7100e-05
   3.5400e-05
   3.3500e-05
   3.1700e-05
   3.0100e-05
   2.8700e-05
   2.7700e-05
   2.7000e-05
   2.6800e-05
   2.6900e-05
   2.7300e-05
   2.8100e-05
   2.9000e-05
   3.0200e-05
   3.1500e-05
   3.2900e-05
   3.4400e-05
   3.6000e-05
   3.7700e-05
   3.9500e-05
   4.1400e-05
   4.3500e-05
   4.5600e-05
   4.7700e-05
   4.9800e-05
   5.1800e-05
   5.3600e-05
   5.4900e-05
   5.5700e-05
   5.5600e-05
   5.4500e-05
   5.2100e-05
   4.8300e-05
   4.2800e-05
   3.5500e-05
   2.6200e-05
   1.4900e-05
   1.5427e-06
  -1.3700e-05
  -3.0900e-05
  -4.9700e-05
  -7.0000e-05
  -9.1600e-05
  -1.1400e-04
  -1.3720e-04
  -1.6070e-04
  -1.8450e-04
  -2.0820e-04
  -2.3180e-04
  -2.5520e-04
  -2.7840e-04
  -3.0160e-04
  -3.2490e-04
  -3.4870e-04
  -3.7340e-04
  -3.9920e-04
  -4.2670e-04
  -4.5630e-04
  -4.8850e-04
  -5.2380e-04
  -5.6240e-04
  -6.0490e-04
  -6.5130e-04
  -7.0180e-04
  -7.5630e-04
  -8.1480e-04
  -8.7710e-04
  -9.4260e-04
  -1.0110e-03
  -1.0817e-03
  -1.1540e-03
  -1.2272e-03
  -1.3005e-03
  -1.3733e-03
  -1.4448e-03
  -1.5144e-03
  -1.5814e-03
  -1.6453e-03
  -1.7057e-03
  -1.7624e-03
  -1.8151e-03
  -1.8639e-03
  -1.9089e-03
  -1.9502e-03
  -1.9881e-03
  -2.0231e-03
  -2.0556e-03
  -2.0861e-03
  -2.1151e-03
  -2.1431e-03
  -2.1707e-03
  -2.1982e-03
  -2.2260e-03
  -2.2544e-03
  -2.2837e-03
  -2.3139e-03
  -2.3451e-03
  -2.3772e-03
  -2.4101e-03
  -2.4435e-03
  -2.4772e-03
  -2.5108e-03
  -2.5440e-03
  -2.5764e-03
  -2.6077e-03
  -2.6375e-03
  -2.6657e-03
  -2.6921e-03
  -2.7164e-03
  -2.7387e-03
  -2.7591e-03
  -2.7775e-03
  -2.7942e-03
  -2.8095e-03
  -2.8235e-03
  -2.8366e-03
  -2.8489e-03
  -2.8608e-03
  -2.8724e-03
  -2.8838e-03
  -2.8950e-03
  -2.9058e-03
  -2.9161e-03
  -2.9254e-03
  -2.9332e-03
  -2.9389e-03
  -2.9417e-03
  -2.9408e-03
  -2.9354e-03
  -2.9244e-03
  -2.9070e-03
  -2.8823e-03
  -2.8495e-03
  -2.8079e-03
  -2.7570e-03
  -2.6966e-03
  -2.6263e-03
  -2.5465e-03
  -2.4574e-03
  -2.3596e-03
  -2.2538e-03
  -2.1409e-03
  -2.0222e-03
  -1.8987e-03
  -1.7719e-03
  -1.6428e-03
  -1.5128e-03
  -1.3829e-03
  -1.2541e-03
  -1.1270e-03
  -1.0022e-03
  -8.7970e-04
  -7.5950e-04
  -6.4110e-04
  -5.2360e-04
  -4.0590e-04
  -2.8670e-04
  -1.6430e-04
  -3.7100e-05
   9.7000e-05
   2.3970e-04
   3.9310e-04
   5.5880e-04
   7.3850e-04
   9.3350e-04
   1.1450e-03
   1.3736e-03
   1.6197e-03
   1.8833e-03
   2.1640e-03
   2.4610e-03
   2.7732e-03
   3.0990e-03
   3.4368e-03
   3.7846e-03
   4.1403e-03
   4.5017e-03
   4.8668e-03
   5.2333e-03
   5.5993e-03
   5.9629e-03
   6.3225e-03
   6.6767e-03
   7.0245e-03
   7.3649e-03
   7.6974e-03
   8.0218e-03
   8.3379e-03
   8.6460e-03
   8.9463e-03
   9.2393e-03
   9.5256e-03
   9.8057e-03
   1.0080e-02
   1.0350e-02
   1.0615e-02
   1.0876e-02
   1.1133e-02
   1.1386e-02
   1.1636e-02
   1.1881e-02
   1.2123e-02
   1.2361e-02
   1.2594e-02
   1.2823e-02
   1.3045e-02
   1.3262e-02
   1.3472e-02
   1.3676e-02
   1.3872e-02
   1.4061e-02
   1.4241e-02
   1.4414e-02
   1.4579e-02
   1.4735e-02
   1.4883e-02
   1.5022e-02
   1.5154e-02
   1.5277e-02
   1.5393e-02
   1.5501e-02
   1.5600e-02
   1.5693e-02
   1.5777e-02
   1.5855e-02
   1.5924e-02
   1.5986e-02
   1.6040e-02
   1.6086e-02
   1.6124e-02
   1.6153e-02
   1.6174e-02
   1.6186e-02
   1.6189e-02
   1.6182e-02
   1.6166e-02
   1.6139e-02
   1.6103e-02
   1.6056e-02
   1.6000e-02
   1.5933e-02
   1.5855e-02
   1.5768e-02
   1.5672e-02
   1.5565e-02
   1.5450e-02
   1.5327e-02
   1.5195e-02
   1.5057e-02
   1.4911e-02
   1.4760e-02
   1.4604e-02
   1.4443e-02
   1.4278e-02
   1.4110e-02
   1.3939e-02
   1.3766e-02
   1.3591e-02
   1.3414e-02
   1.3235e-02
   1.3055e-02
   1.2873e-02
   1.2688e-02
   1.2502e-02
   1.2313e-02
   1.2120e-02
   1.1924e-02
   1.1724e-02
   1.1519e-02
   1.1310e-02
   1.1095e-02
   1.0875e-02
   1.0649e-02
   1.0417e-02
   1.0180e-02
   9.9371e-03
   9.6889e-03
   9.4358e-03
   9.1781e-03
   8.9163e-03
   8.6509e-03
   8.3824e-03
   8.1113e-03
   7.8381e-03
   7.5632e-03
   7.2872e-03
   7.0103e-03
   6.7331e-03
   6.4558e-03
   6.1788e-03
   5.9024e-03
   5.6270e-03
   5.3530e-03
   5.0810e-03
   4.8113e-03
   4.5446e-03
   4.2817e-03
   4.0233e-03
   3.7702e-03
   3.5234e-03
   3.2838e-03
   3.0522e-03
   2.8298e-03
   2.6171e-03
   2.4150e-03
   2.2240e-03
   2.0445e-03
   1.8766e-03
   1.7202e-03
   1.5748e-03
   1.4400e-03
   1.3147e-03
   1.1979e-03
   1.0882e-03
   9.8400e-04
   8.8390e-04
   7.8600e-04
   6.8880e-04
   5.9070e-04
   4.9010e-04
   3.8590e-04
   2.7700e-04
   1.6260e-04
   4.2300e-05
  -8.4100e-05
  -2.1650e-04
  -3.5440e-04
  -4.9720e-04
  -6.4410e-04
  -7.9400e-04
  -9.4580e-04
  -1.0986e-03
  -1.2513e-03
  -1.4029e-03
  -1.5529e-03
  -1.7007e-03
  -1.8462e-03
  -1.9893e-03
  -2.1305e-03
  -2.2704e-03
  -2.4099e-03
  -2.5500e-03
  -2.6920e-03
  -2.8371e-03
  -2.9868e-03
  -3.1423e-03
  -3.3048e-03
  -3.4751e-03
  -3.6541e-03
  -3.8423e-03
  -4.0397e-03
  -4.2462e-03
  -4.4613e-03
  -4.6842e-03
  -4.9139e-03
  -5.1492e-03
  -5.3886e-03
  -5.6306e-03
  -5.8737e-03
  -6.1164e-03
  -6.3571e-03
  -6.5947e-03
  -6.8279e-03
  -7.0560e-03
  -7.2782e-03
  -7.4941e-03
  -7.7035e-03
  -7.9064e-03
  -8.1029e-03
  -8.2935e-03
  -8.4784e-03
  -8.6582e-03
  -8.8333e-03
  -9.0042e-03
  -9.1712e-03
  -9.3346e-03
  -9.4945e-03
  -9.6510e-03
  -9.8040e-03
  -9.9532e-03
  -1.0098e-02
  -1.0239e-02
  -1.0375e-02
  -1.0506e-02
  -1.0631e-02
  -1.0750e-02
  -1.0862e-02
  -1.0967e-02
  -1.1065e-02
  -1.1155e-02
  -1.1236e-02
  -1.1309e-02
  -1.1372e-02
  -1.1425e-02
  -1.1466e-02
  -1.1495e-02
  -1.1510e-02
  -1.1509e-02
  -1.1491e-02
  -1.1454e-02
  -1.1394e-02
  -1.1311e-02
  -1.1200e-02
  -1.1061e-02
  -1.0891e-02
  -1.0687e-02
  -1.0449e-02
  -1.0174e-02
  -9.8631e-03
  -9.5156e-03
  -9.1324e-03
  -8.7150e-03
  -8.2657e-03
  -7.7877e-03
  -7.2847e-03
  -6.7612e-03
  -6.2222e-03
  -5.6733e-03
  -5.1200e-03
  -4.5685e-03
  -4.0245e-03
  -3.4937e-03
  -2.9814e-03
  -2.4926e-03
  -2.0314e-03
  -1.6013e-03
  -1.2050e-03
  -8.4420e-04
  -5.1980e-04
  -2.3190e-04
   2.0300e-05
   2.3840e-04
   4.2460e-04
   5.8170e-04
   7.1260e-04
   8.2100e-04
   9.1020e-04
   9.8380e-04
   1.0451e-03