  
 ------------------------
 2D Mesh Quality Measures
 ------------------------
  
Signed Area     Aspect Ratio    Condition       Edge Ratio      Jacobian        Minimum Angle   Maximum Angle   Area Sign       
      5.8400E-01      1.1218E+00      1.0237E+00      1.2427E+00      5.8332E-01      8.9860E+01      9.0150E+01      1.0000E+00
      5.8919E-01      1.1333E+00      1.0269E+00      1.2602E+00      5.8467E-01      8.8941E+01      9.1008E+01      1.0000E+00
      6.4053E-01      1.1869E+00      1.0519E+00      1.3717E+00      5.9305E-01      8.1073E+01      9.5866E+01      1.0000E+00
      5.6521E-01      1.2722E+00      1.1046E+00      1.5306E+00      4.8585E-01      8.1330E+01      1.0411E+02      1.0000E+00
      5.8258E-01      1.1207E+00      1.0233E+00      1.2406E+00      5.8184E-01      8.9850E+01      9.0130E+01      1.0000E+00
      5.7619E-01      1.1242E+00      1.0244E+00      1.2466E+00      5.6952E-01      8.9002E+01      9.0592E+01      1.0000E+00
      5.3628E-01      1.1506E+00      1.0562E+00      1.3962E+00      4.5618E-01      8.4602E+01      1.0067E+02      1.0000E+00
      5.8258E-01      1.1207E+00      1.0233E+00      1.2406E+00      5.8184E-01      8.9850E+01      9.0130E+01      1.0000E+00
      5.7619E-01      1.1242E+00      1.0244E+00      1.2466E+00      5.6952E-01      8.9002E+01      9.0592E+01      1.0000E+00
      5.3628E-01      1.1506E+00      1.0562E+00      1.3962E+00      4.5618E-01      8.4603E+01      1.0066E+02      1.0000E+00
      5.8400E-01      1.1218E+00      1.0237E+00      1.2427E+00      5.8332E-01      8.9860E+01      9.0150E+01      1.0000E+00
      5.8919E-01      1.1333E+00      1.0269E+00      1.2602E+00      5.8467E-01      8.8941E+01      9.1008E+01      1.0000E+00
      6.4052E-01      1.1869E+00      1.0519E+00      1.3717E+00      5.9305E-01      8.1075E+01      9.5865E+01      1.0000E+00
      5.6504E-01      1.2724E+00      1.1047E+00      1.5309E+00      4.8551E-01      8.1303E+01      1.0415E+02      1.0000E+00
      2.1820E-01      1.5678E+00      1.5159E+00      2.3552E+00      1.2398E-01      5.0862E+01      1.2405E+02      1.0000E+00
      2.1335E-01      1.9866E+00      1.7347E+00      2.7005E+00      1.0983E-01      4.1474E+01      1.3485E+02      1.0000E+00
      1.2433E-01      1.4079E+00      1.1554E+00      1.6542E+00      8.6243E-02      6.2993E+01      1.0823E+02      1.0000E+00
      1.5199E-01      1.1104E+00      1.0276E+00      1.2554E+00      1.4735E-01      8.6790E+01      9.3366E+01      1.0000E+00
      1.4989E-01      1.1349E+00      1.0292E+00      1.2728E+00      1.4769E-01      8.8900E+01      9.0599E+01      1.0000E+00
      1.5210E-01      1.2513E+00      1.0773E+00      1.3505E+00      1.2915E-01      7.6044E+01      1.0654E+02      1.0000E+00
      1.4871E-01      1.2763E+00      1.0951E+00      1.3883E+00      1.2884E-01      7.2511E+01      1.0834E+02      1.0000E+00
      1.6132E-01      1.1673E+00      1.0492E+00      1.3555E+00      1.4974E-01      8.1818E+01      9.4274E+01      1.0000E+00
      1.3941E-01      1.2613E+00      1.0821E+00      1.4140E+00      1.1975E-01      7.8558E+01      1.0447E+02      1.0000E+00
      1.4151E-01      1.3207E+00      1.1605E+00      1.4839E+00      1.0159E-01      7.0756E+01      1.2001E+02      1.0000E+00
      5.8241E-02      1.4143E+00      1.3616E+00      2.1211E+00      3.1973E-02      6.5710E+01      1.2476E+02      1.0000E+00
      5.3803E-02      1.6690E+00      1.4392E+00      2.0201E+00      3.2926E-02      5.1208E+01      1.3260E+02      1.0000E+00
      3.1791E-02      1.1786E+00      1.0499E+00      1.3464E+00      2.6945E-02      8.4235E+01      1.0264E+02      1.0000E+00
      1.4820E-01      1.3083E+00      1.1136E+00      1.4380E+00      1.2722E-01      7.0557E+01      1.0999E+02      1.0000E+00
      1.5670E-01      1.2649E+00      1.0831E+00      1.4380E+00      1.4422E-01      7.9113E+01      1.0133E+02      1.0000E+00
      6.1141E-02      1.5291E+00      1.4481E+00      2.3312E+00      3.1126E-02      6.1548E+01      1.2847E+02      1.0000E+00
      3.1163E-02      1.1924E+00      1.0566E+00      1.3517E+00      2.6419E-02      8.1793E+01      1.0446E+02      1.0000E+00
      5.1332E-02      1.6769E+00      1.3716E+00      1.9974E+00      3.3078E-02      4.9961E+01      1.2707E+02      1.0000E+00
      5.1498E-02      1.6228E+00      1.4319E+00      2.2660E+00      3.0884E-02      5.3591E+01      1.2756E+02      1.0000E+00
      4.2893E-02      1.8799E+00      1.4832E+00      2.4853E+00      2.1829E-02      4.5231E+01      1.2630E+02      1.0000E+00
      2.7953E-02      1.2896E+00      1.0723E+00      1.4971E+00      2.0824E-02      7.4943E+01      1.0614E+02      1.0000E+00
      1.9526E-01      1.4507E+00      1.4173E+00      2.4648E+00      1.1270E-01      6.2978E+01      1.1701E+02      1.0000E+00
      2.2878E-01      1.7637E+00      1.5427E+00      2.1110E+00      1.2706E-01      4.9460E+01      1.3696E+02      1.0000E+00
      1.2508E-01      1.2457E+00      1.1591E+00      1.7369E+00      8.7988E-02      7.4249E+01      1.0603E+02      1.0000E+00
      7.8334E-02      1.4088E+00      1.5092E+00      2.2883E+00      4.5268E-02      5.9659E+01      1.2383E+02      1.0000E+00
      7.8569E-02      1.8680E+00      1.6519E+00      2.3052E+00      4.5818E-02      4.4150E+01      1.3741E+02      1.0000E+00
      3.9355E-02      1.2147E+00      1.0703E+00      1.4501E+00      3.3290E-02      8.0648E+01      9.8763E+01      1.0000E+00
      6.7629E-02      1.5256E+00      1.3928E+00      2.3756E+00      3.2286E-02      6.5500E+01      1.2708E+02      1.0000E+00
      3.1013E-02      1.3856E+00      1.1171E+00      1.5465E+00      2.3561E-02      7.4220E+01      1.0665E+02      1.0000E+00
      4.8084E-02      1.8836E+00      1.4574E+00      2.4348E+00      2.5520E-02      4.7687E+01      1.2627E+02      1.0000E+00
      6.6592E-02      1.8530E+00      1.7099E+00      2.2222E+00      3.2937E-02      4.7270E+01      1.4180E+02      1.0000E+00
      3.0918E-02      1.1585E+00      1.1434E+00      1.6022E+00      2.3485E-02      7.7865E+01      1.0595E+02      1.0000E+00
      4.8417E-02      1.4571E+00      1.4257E+00      2.4451E+00      2.5495E-02      5.8480E+01      1.1225E+02      1.0000E+00
      1.5756E-02      1.3770E+00      1.2896E+00      2.1208E+00      8.8272E-03      7.0731E+01      1.1958E+02      1.0000E+00
      1.5785E-02      1.7246E+00      1.4679E+00      2.0675E+00      8.8440E-03      5.2068E+01      1.3490E+02      1.0000E+00
      8.2892E-03      1.1884E+00      1.0638E+00      1.3529E+00      7.3840E-03      7.9501E+01      1.0552E+02      1.0000E+00
      1.6518E-02      1.4579E+00      1.4901E+00      2.3530E+00      8.4120E-03      6.3076E+01      1.2727E+02      1.0000E+00
      7.8828E-03      1.2128E+00      1.0615E+00      1.4024E+00      6.7425E-03      8.2758E+01      1.0035E+02      1.0000E+00
      1.2648E-02      1.8077E+00      1.5191E+00      2.0740E+00      7.9387E-03      4.3119E+01      1.3238E+02      1.0000E+00
      1.6562E-02      1.8628E+00      1.7384E+00      2.3000E+00      8.4932E-03      4.5625E+01      1.4111E+02      1.0000E+00
      7.8894E-03      1.1965E+00      1.0694E+00      1.4436E+00      6.7457E-03      8.4248E+01      1.0062E+02      1.0000E+00
      1.2727E-02      1.3842E+00      1.4071E+00      2.0353E+00      7.9673E-03      5.4991E+01      1.1827E+02      1.0000E+00
      9.5769E-03      1.1666E+00      1.0474E+00      1.3286E+00      8.8304E-03      8.3467E+01      1.0012E+02      1.0000E+00
      1.0256E-02      1.1966E+00      1.0521E+00      1.3592E+00      9.9341E-03      8.4628E+01      9.5590E+01      1.0000E+00
      1.0303E-02      1.0892E+00      1.0190E+00      1.2075E+00      9.9575E-03      8.6610E+01      9.3985E+01      1.0000E+00
      9.8212E-03      1.1311E+00      1.0274E+00      1.2622E+00      9.7204E-03      8.9094E+01      9.1334E+01      1.0000E+00
      6.1064E-02      1.5186E+00      1.4960E+00      2.3207E+00      3.1111E-02      6.0126E+01      1.2983E+02      1.0000E+00
      4.8378E-02      1.8826E+00      1.4723E+00      2.5133E+00      2.5169E-02      4.6264E+01      1.2750E+02      1.0000E+00
      3.0882E-02      1.3558E+00      1.1101E+00      1.5593E+00      2.2437E-02      6.8349E+01      1.0556E+02      1.0000E+00
      6.0286E-02      1.5405E+00      1.4677E+00      2.3316E+00      3.0119E-02      6.1087E+01      1.2979E+02      1.0000E+00
      3.0841E-02      1.3562E+00      1.1067E+00      1.5646E+00      2.2343E-02      6.8939E+01      1.0498E+02      1.0000E+00
      4.7100E-02      1.8614E+00      1.4473E+00      2.4715E+00      2.4959E-02      4.7653E+01      1.2665E+02      1.0000E+00
      1.6374E-02      1.4725E+00      1.4890E+00      2.3365E+00      8.4855E-03      6.1694E+01      1.2759E+02      1.0000E+00
      1.2660E-02      1.8047E+00      1.5141E+00      2.0846E+00      7.8821E-03      4.3269E+01      1.3168E+02      1.0000E+00
      7.8505E-03      1.1989E+00      1.0550E+00      1.3691E+00      6.7950E-03      8.4286E+01      1.0074E+02      1.0000E+00
      1.5736E-02      1.5172E+00      1.4504E+00      2.3467E+00      7.6794E-03      6.3629E+01      1.2891E+02      1.0000E+00
      7.7481E-03      1.2086E+00      1.0609E+00      1.3638E+00      6.6021E-03      8.1237E+01      1.0396E+02      1.0000E+00
      1.1754E-02      1.6706E+00      1.3971E+00      1.9142E+00      7.6815E-03      4.7888E+01      1.2713E+02      1.0000E+00
      1.0136E-02      1.2044E+00      1.0537E+00      1.3853E+00      9.7925E-03      8.4970E+01      9.4582E+01      1.0000E+00
      9.3299E-03      1.1821E+00      1.0458E+00      1.3331E+00      8.9611E-03      8.4894E+01      9.5732E+01      1.0000E+00
      9.5860E-03      1.1464E+00      1.0321E+00      1.2873E+00      9.5284E-03      8.9260E+01      9.0761E+01      1.0000E+00
      9.3831E-03      1.1453E+00      1.0317E+00      1.2848E+00      9.3121E-03      8.9109E+01      9.0973E+01      1.0000E+00
      9.2308E-03      1.1653E+00      1.0391E+00      1.3133E+00      8.9526E-03      8.6700E+01      9.3929E+01      1.0000E+00
      9.8384E-03      1.1850E+00      1.0465E+00      1.3548E+00      9.5431E-03      8.5876E+01      9.3527E+01      1.0000E+00
      9.3430E-03      1.1406E+00      1.0304E+00      1.2786E+00      9.3017E-03      8.9547E+01      9.0525E+01      1.0000E+00
      9.4375E-03      1.1454E+00      1.0321E+00      1.2873E+00      9.3887E-03      8.9357E+01      9.0576E+01      1.0000E+00
      1.5664E-02      1.5150E+00      1.4554E+00      2.3403E+00      7.6693E-03      6.3346E+01      1.2906E+02      1.0000E+00
      1.1762E-02      1.6702E+00      1.3973E+00      1.9140E+00      7.6784E-03      4.7849E+01      1.2709E+02      1.0000E+00
      7.7379E-03      1.2075E+00      1.0604E+00      1.3632E+00      6.5954E-03      8.1373E+01      1.0385E+02      1.0000E+00
      1.6209E-02      1.4801E+00      1.4819E+00      2.3367E+00      8.3528E-03      6.1833E+01      1.2775E+02      1.0000E+00
      7.8329E-03      1.1985E+00      1.0548E+00      1.3675E+00      6.7817E-03      8.4178E+01      1.0082E+02      1.0000E+00
      1.2507E-02      1.7949E+00      1.5043E+00      2.0723E+00      7.8428E-03      4.3677E+01      1.3144E+02      1.0000E+00
      9.8383E-03      1.1851E+00      1.0465E+00      1.3548E+00      9.5425E-03      8.5860E+01      9.3540E+01      1.0000E+00
      9.2288E-03      1.1654E+00      1.0391E+00      1.3133E+00      8.9505E-03      8.6681E+01      9.3944E+01      1.0000E+00
      9.4376E-03      1.1454E+00      1.0321E+00      1.2873E+00      9.3889E-03      8.9353E+01      9.0581E+01      1.0000E+00
      9.3420E-03      1.1407E+00      1.0304E+00      1.2788E+00      9.3004E-03      8.9540E+01      9.0535E+01      1.0000E+00
      9.3136E-03      1.1821E+00      1.0458E+00      1.3335E+00      8.9496E-03      8.4948E+01      9.5671E+01      1.0000E+00
      1.0069E-02      1.2069E+00      1.0556E+00      1.3931E+00      9.7138E-03      8.4867E+01      9.4536E+01      1.0000E+00
      9.3708E-03      1.1461E+00      1.0320E+00      1.2864E+00      9.3005E-03      8.9117E+01      9.0959E+01      1.0000E+00
      9.5095E-03      1.1519E+00      1.0344E+00      1.2989E+00      9.4466E-03      8.9181E+01      9.0754E+01      1.0000E+00
      5.4272E-02      1.4631E+00      1.4442E+00      2.2640E+00      2.9597E-02      6.1377E+01      1.2612E+02      1.0000E+00
      4.6574E-02      1.8793E+00      1.4731E+00      2.4845E+00      2.5004E-02      4.6616E+01      1.2872E+02      1.0000E+00
      3.0172E-02      1.4331E+00      1.1510E+00      1.6780E+00      2.0615E-02      6.4699E+01      1.0698E+02      1.0000E+00
      4.6695E-02      1.1638E+00      1.0464E+00      1.3501E+00      4.1821E-02      8.1020E+01      9.3507E+01      1.0000E+00
      3.8889E-02      1.1557E+00      1.0352E+00      1.2838E+00      3.7490E-02      8.5061E+01      9.5572E+01      1.0000E+00
      3.8956E-02      1.2391E+00      1.0735E+00      1.3500E+00      3.3245E-02      7.6854E+01      1.0628E+02      1.0000E+00
      3.8168E-02      1.2682E+00      1.0952E+00      1.3672E+00      3.3018E-02      7.2557E+01      1.0912E+02      1.0000E+00
      1.6231E-02      1.4711E+00      1.5013E+00      2.3281E+00      8.3521E-03      6.1523E+01      1.2827E+02      1.0000E+00
      1.2574E-02      1.7901E+00      1.5032E+00      2.0705E+00      7.8488E-03      4.3587E+01      1.3106E+02      1.0000E+00
      7.8311E-03      1.1991E+00      1.0551E+00      1.3707E+00      6.7714E-03      8.4236E+01      1.0066E+02      1.0000E+00
      1.5713E-02      1.5222E+00      1.4357E+00      2.3519E+00      7.7030E-03      6.3869E+01      1.2836E+02      1.0000E+00
      7.7402E-03      1.2080E+00      1.0609E+00      1.3619E+00      6.6035E-03      8.1095E+01      1.0405E+02      1.0000E+00
      1.1736E-02      1.6808E+00      1.4025E+00      1.9247E+00      7.6748E-03      4.7805E+01      1.2759E+02      1.0000E+00
      1.0073E-02      1.2066E+00      1.0556E+00      1.3930E+00      9.7156E-03      8.4767E+01      9.4608E+01      1.0000E+00
      9.3188E-03      1.1819E+00      1.0457E+00      1.3325E+00      8.9576E-03      8.4873E+01      9.5720E+01      1.0000E+00
      9.5164E-03      1.1515E+00      1.0343E+00      1.2985E+00      9.4597E-03      8.9129E+01      9.0815E+01      1.0000E+00
      9.3907E-03      1.1462E+00      1.0323E+00      1.2877E+00      9.3189E-03      8.9059E+01      9.1064E+01      1.0000E+00
      9.2258E-03      1.1658E+00      1.0394E+00      1.3150E+00      8.9425E-03      8.6781E+01      9.3892E+01      1.0000E+00
      9.8303E-03      1.1843E+00      1.0462E+00      1.3535E+00      9.5439E-03      8.6092E+01      9.3343E+01      1.0000E+00
      9.3658E-03      1.1409E+00      1.0307E+00      1.2805E+00      9.3183E-03      8.9720E+01      9.0432E+01      1.0000E+00
      9.4458E-03      1.1445E+00      1.0318E+00      1.2860E+00      9.4084E-03      8.9575E+01      9.0389E+01      1.0000E+00
      1.5216E-02      1.5284E+00      1.5142E+00      2.3282E+00      7.6107E-03      5.9852E+01      1.3087E+02      1.0000E+00
      1.1811E-02      1.6798E+00      1.4116E+00      1.9381E+00      7.5721E-03      4.6920E+01      1.2743E+02      1.0000E+00
      7.5624E-03      1.1796E+00      1.0465E+00      1.3257E+00      6.5192E-03      8.3625E+01      1.0170E+02      1.0000E+00
      1.5104E-02      1.5477E+00      1.4738E+00      2.3417E+00      7.4943E-03      6.0911E+01      1.3011E+02      1.0000E+00
      7.5532E-03      1.1808E+00      1.0475E+00      1.3214E+00      6.5149E-03      8.2713E+01      1.0246E+02      1.0000E+00
      1.1600E-02      1.6768E+00      1.3999E+00      1.9253E+00      7.5273E-03      4.7790E+01      1.2743E+02      1.0000E+00
      9.8140E-03      1.1852E+00      1.0463E+00      1.3535E+00      9.4934E-03      8.5386E+01      9.3965E+01      1.0000E+00
      9.1554E-03      1.1636E+00      1.0380E+00      1.3040E+00      8.8519E-03      8.5960E+01      9.4624E+01      1.0000E+00
      9.4167E-03      1.1462E+00      1.0323E+00      1.2885E+00      9.3508E-03      8.9094E+01      9.0786E+01      1.0000E+00
      9.2878E-03      1.1405E+00      1.0298E+00      1.2752E+00      9.2336E-03      8.9220E+01      9.0779E+01      1.0000E+00
      9.1391E-03      1.1622E+00      1.0376E+00      1.3049E+00      8.8324E-03      8.6441E+01      9.4269E+01      1.0000E+00
      9.7713E-03      1.1814E+00      1.0441E+00      1.3442E+00      9.4921E-03      8.6385E+01      9.3201E+01      1.0000E+00
      9.2840E-03      1.1361E+00      1.0286E+00      1.2694E+00      9.2398E-03      8.9551E+01      9.0527E+01      1.0000E+00
      9.4491E-03      1.1416E+00      1.0307E+00      1.2802E+00      9.3582E-03      8.9011E+01      9.0722E+01      1.0000E+00
      4.0435E-02      1.1929E+00      1.0523E+00      1.3800E+00      3.6771E-02      8.2334E+01      9.4188E+01      1.0000E+00
      3.5244E-02      1.2985E+00      1.1632E+00      1.6030E+00      2.5785E-02      7.6089E+01      1.1691E+02      1.0000E+00
      3.5751E-02      1.3194E+00      1.1424E+00      1.4929E+00      2.6097E-02      7.1754E+01      1.1829E+02      1.0000E+00
      1.3484E-02      1.3182E+00      1.3356E+00      2.0391E+00      7.9901E-03      6.8178E+01      1.1993E+02      1.0000E+00
      1.3447E-02      1.7005E+00      1.5218E+00      2.0218E+00      7.9282E-03      4.9357E+01      1.3589E+02      1.0000E+00
      8.4514E-03      1.2848E+00      1.1134E+00      1.5991E+00      6.3450E-03      7.4619E+01      1.0418E+02      1.0000E+00
      1.5782E-02      1.3442E+00      1.3358E+00      2.1335E+00      9.1173E-03      6.8842E+01      1.1899E+02      1.0000E+00
      1.4153E-02      1.8101E+00      1.6127E+00      2.0985E+00      8.4013E-03      4.5230E+01      1.3827E+02      1.0000E+00
      8.1042E-03      1.2294E+00      1.0732E+00      1.4282E+00      6.9434E-03      8.2553E+01      1.0275E+02      1.0000E+00
      1.6538E-02      1.3798E+00      1.4278E+00      2.2597E+00      9.3894E-03      6.4492E+01      1.2124E+02      1.0000E+00
      7.9851E-03      1.2402E+00      1.0802E+00      1.4483E+00      6.8758E-03      8.1889E+01      1.0315E+02      1.0000E+00
      1.4123E-02      2.0322E+00      1.6508E+00      2.3972E+00      8.1642E-03      4.0565E+01      1.3561E+02      1.0000E+00
      1.2693E-02      1.1790E+00      1.0503E+00      1.3368E+00      1.2180E-02      7.9581E+01      9.8907E+01      1.0000E+00
      8.9340E-03      1.3445E+00      1.1197E+00      1.5306E+00      7.3966E-03      7.7226E+01      1.0552E+02      1.0000E+00
      8.6470E-03      1.2758E+00      1.1416E+00      1.6052E+00      6.0194E-03      8.0321E+01      1.1568E+02      1.0000E+00
      3.7860E-03      1.3703E+00      1.3587E+00      2.1418E+00      2.1443E-03      6.7014E+01      1.2159E+02      1.0000E+00
      3.4211E-03      1.7136E+00      1.5143E+00      2.0581E+00      2.1077E-03      4.8098E+01      1.3464E+02      1.0000E+00
      1.9774E-03      1.2014E+00      1.0621E+00      1.3923E+00      1.6537E-03      8.3489E+01      1.0377E+02      1.0000E+00
      8.6949E-03      1.3244E+00      1.1135E+00      1.4954E+00      7.3405E-03      7.6350E+01      1.0612E+02      1.0000E+00
      1.0366E-02      1.2004E+00      1.0509E+00      1.3672E+00      9.3798E-03      8.3801E+01      9.5897E+01      1.0000E+00
      8.2342E-03      1.1860E+00      1.0824E+00      1.3772E+00      6.4759E-03      8.0593E+01      1.1086E+02      1.0000E+00
      3.7293E-03      1.3732E+00      1.3375E+00      2.1281E+00      2.0925E-03      6.8188E+01      1.2147E+02      1.0000E+00
      1.9759E-03      1.2019E+00      1.0623E+00      1.3898E+00      1.6470E-03      8.3136E+01      1.0419E+02      1.0000E+00
      3.3676E-03      1.6730E+00      1.4936E+00      2.0138E+00      2.0529E-03      4.9643E+01      1.3434E+02      1.0000E+00
      1.3775E-02      1.4540E+00      1.4749E+00      2.2445E+00      7.4676E-03      6.0726E+01      1.2741E+02      1.0000E+00
      1.1568E-02      1.6915E+00      1.4283E+00      1.9205E+00      7.5607E-03      4.6262E+01      1.2924E+02      1.0000E+00
      8.1772E-03      1.2930E+00      1.1092E+00      1.5854E+00      6.1292E-03      7.3255E+01      1.0335E+02      1.0000E+00
      1.2443E-02      1.1428E+00      1.0392E+00      1.2789E+00      1.1863E-02      7.9778E+01      9.7745E+01      1.0000E+00
      8.5071E-03      1.3354E+00      1.1463E+00      1.6231E+00      5.9033E-03      7.7625E+01      1.1525E+02      1.0000E+00
      8.5527E-03      1.2688E+00      1.1396E+00      1.5727E+00      5.8893E-03      7.9971E+01      1.1639E+02      1.0000E+00
      3.2956E-03      1.3386E+00      1.3631E+00      2.0683E+00      1.9831E-03      6.5328E+01      1.2062E+02      1.0000E+00
      3.3044E-03      1.6945E+00      1.5075E+00      2.0304E+00      2.0137E-03      4.8895E+01      1.3478E+02      1.0000E+00
      1.9292E-03      1.2409E+00      1.0877E+00      1.5004E+00      1.5372E-03      8.0660E+01      1.0459E+02      1.0000E+00
      9.7251E-03      1.1849E+00      1.0457E+00      1.3461E+00      9.4118E-03      8.4136E+01      9.5418E+01      1.0000E+00
      8.6498E-03      1.1878E+00      1.0712E+00      1.4534E+00      7.2890E-03      8.0299E+01      9.7684E+01      1.0000E+00
      9.4253E-03      1.1429E+00      1.0316E+00      1.2820E+00      9.2769E-03      8.8108E+01      9.2411E+01      1.0000E+00
      9.1147E-03      1.1458E+00      1.0953E+00      1.4334E+00      7.7695E-03      7.8336E+01      1.0450E+02      1.0000E+00
      3.2645E-03      1.3203E+00      1.3112E+00      2.0307E+00      2.0109E-03      6.7638E+01      1.1778E+02      1.0000E+00
      3.5833E-03      1.7807E+00      1.5397E+00      2.0617E+00      2.0180E-03      4.8912E+01      1.3745E+02      1.0000E+00
      1.9386E-03      1.2324E+00      1.0887E+00      1.4843E+00      1.6505E-03      8.2347E+01      1.0477E+02      1.0000E+00
      2.8779E-03      1.1870E+00      1.0557E+00      1.3883E+00      2.5697E-03      7.9701E+01      9.5166E+01      1.0000E+00
      2.4056E-03      1.1617E+00      1.0380E+00      1.2956E+00      2.3160E-03      8.4776E+01      9.5927E+01      1.0000E+00
      2.3755E-03      1.1260E+00      1.0315E+00      1.2842E+00      2.2700E-03      8.7886E+01      9.3567E+01      1.0000E+00
      2.3713E-03      1.1270E+00      1.0258E+00      1.2538E+00      2.3361E-03      8.7923E+01      9.1458E+01      1.0000E+00
      3.7225E-03      1.9601E+00      1.7895E+00      2.2808E+00      1.8764E-03      4.3712E+01      1.4336E+02      1.0000E+00
      1.8867E-03      1.2214E+00      1.0856E+00      1.4911E+00      1.5965E-03      8.4671E+01      1.0338E+02      1.0000E+00
      2.8887E-03      1.3016E+00      1.3268E+00      1.9161E+00      1.8812E-03      5.9589E+01      1.1325E+02      1.0000E+00
      2.2997E-03      1.1182E+00      1.0261E+00      1.2556E+00      2.2244E-03      8.8448E+01      9.2851E+01      1.0000E+00
      2.3289E-03      1.1112E+00      1.0208E+00      1.2259E+00      2.3216E-03      8.9858E+01      9.0166E+01      1.0000E+00
      2.4373E-03      1.0921E+00      1.0182E+00      1.2072E+00      2.3696E-03      8.7672E+01      9.1738E+01      1.0000E+00
      2.3392E-03      1.1057E+00      1.0192E+00      1.2158E+00      2.3293E-03      8.9710E+01      9.0243E+01      1.0000E+00
      3.2141E-03      1.3196E+00      1.3375E+00      2.0282E+00      1.9413E-03      6.7065E+01      1.1978E+02      1.0000E+00
      3.2001E-03      1.6837E+00      1.5124E+00      1.9980E+00      1.9334E-03      4.9197E+01      1.3535E+02      1.0000E+00
      1.9125E-03      1.2436E+00      1.0891E+00      1.5040E+00      1.5192E-03      8.0613E+01      1.0487E+02      1.0000E+00
      2.8901E-03      1.1852E+00      1.0555E+00      1.3854E+00      2.5830E-03      7.9430E+01      9.5396E+01      1.0000E+00
      2.4129E-03      1.1621E+00      1.0376E+00      1.2984E+00      2.3094E-03      8.5437E+01      9.5512E+01      1.0000E+00
      2.4017E-03      1.1227E+00      1.0291E+00      1.2706E+00      2.3090E-03      8.7193E+01      9.4153E+01      1.0000E+00
      2.3949E-03      1.1244E+00      1.0260E+00      1.2545E+00      2.3619E-03      8.8261E+01      9.1038E+01      1.0000E+00
      2.8652E-03      1.1905E+00      1.0552E+00      1.3840E+00      2.5728E-03      7.9040E+01      9.6405E+01      1.0000E+00
      2.3954E-03      1.1614E+00      1.0385E+00      1.2977E+00      2.3045E-03      8.4775E+01      9.6073E+01      1.0000E+00
      2.4033E-03      1.1215E+00      1.0291E+00      1.2701E+00      2.3129E-03      8.6802E+01      9.4335E+01      1.0000E+00
      2.3660E-03      1.1306E+00      1.0275E+00      1.2623E+00      2.3245E-03      8.7384E+01      9.1822E+01      1.0000E+00
      2.3034E-03      1.1217E+00      1.0239E+00      1.2430E+00      2.2954E-03      8.8745E+01      9.1111E+01      1.0000E+00
      2.3272E-03      1.1160E+00      1.0225E+00      1.2355E+00      2.3194E-03      8.9418E+01      9.0616E+01      1.0000E+00
      2.3075E-03      1.1239E+00      1.0242E+00      1.2454E+00      2.2966E-03      8.9032E+01      9.0871E+01      1.0000E+00
      2.3087E-03      1.1148E+00      1.0214E+00      1.2294E+00      2.3079E-03      8.9768E+01      9.0238E+01      1.0000E+00
      2.4181E-03      1.1607E+00      1.0372E+00      1.2964E+00      2.3127E-03      8.5437E+01      9.5575E+01      1.0000E+00
      2.9442E-03      1.1897E+00      1.0563E+00      1.3869E+00      2.6133E-03      7.8346E+01      9.6408E+01      1.0000E+00
      2.4090E-03      1.1237E+00      1.0250E+00      1.2498E+00      2.3769E-03      8.8473E+01      9.0870E+01      1.0000E+00
      2.4320E-03      1.1188E+00      1.0324E+00      1.2807E+00      2.3344E-03      8.6397E+01      9.4021E+01      1.0000E+00
      3.6056E-03      1.3387E+00      1.4472E+00      2.1633E+00      2.2711E-03      6.0871E+01      1.1865E+02      1.0000E+00
      1.9799E-03      1.2460E+00      1.0980E+00      1.5313E+00      1.6934E-03      8.4093E+01      1.0296E+02      1.0000E+00
      3.4717E-03      2.0769E+00      1.7177E+00      2.4706E+00      2.0912E-03      3.8537E+01      1.3839E+02      1.0000E+00
      2.3595E-03      1.1078E+00      1.0199E+00      1.2203E+00      2.3499E-03      8.9528E+01      9.0462E+01      1.0000E+00
      2.3595E-03      1.1076E+00      1.0251E+00      1.2505E+00      2.2633E-03      8.7055E+01      9.3823E+01      1.0000E+00
      2.3700E-03      1.1005E+00      1.0176E+00      1.2060E+00      2.3558E-03      8.9383E+01      9.0489E+01      1.0000E+00
      2.5460E-03      1.0770E+00      1.0153E+00      1.1822E+00      2.4465E-03      8.6168E+01      9.2910E+01      1.0000E+00
      1.9300E-03      1.2202E+00      1.0839E+00      1.4925E+00      1.6647E-03      8.5809E+01      1.0127E+02      1.0000E+00
      3.4658E-03      2.0849E+00      1.7311E+00      2.4706E+00      2.0557E-03      3.7883E+01      1.3872E+02      1.0000E+00
      3.2408E-03      1.4436E+00      1.4896E+00      2.1809E+00      1.9190E-03      5.2117E+01      1.2001E+02      1.0000E+00
      2.3021E-03      1.1212E+00      1.0239E+00      1.2427E+00      2.2956E-03      8.8756E+01      9.1102E+01      1.0000E+00
      2.3046E-03      1.1205E+00      1.0241E+00      1.2443E+00      2.2932E-03      8.9161E+01      9.0669E+01      1.0000E+00
      2.3078E-03      1.1237E+00      1.0239E+00      1.2438E+00      2.2986E-03      8.9137E+01      9.0842E+01      1.0000E+00
      2.2874E-03      1.1202E+00      1.0233E+00      1.2404E+00      2.2851E-03      8.9733E+01      9.0227E+01      1.0000E+00
      2.2938E-03      1.1203E+00      1.0234E+00      1.2411E+00      2.2881E-03      8.9615E+01      9.0263E+01      1.0000E+00
      2.3048E-03      1.1146E+00      1.0216E+00      1.2304E+00      2.3025E-03      8.9896E+01      9.0096E+01      1.0000E+00
      2.2867E-03      1.1194E+00      1.0231E+00      1.2392E+00      2.2854E-03      8.9876E+01      9.0148E+01      1.0000E+00
      2.3039E-03      1.1178E+00      1.0224E+00      1.2353E+00      2.2992E-03      8.9806E+01      9.0264E+01      1.0000E+00
      2.3000E-03      1.1184E+00      1.0226E+00      1.2361E+00      2.2966E-03      8.9801E+01      9.0234E+01      1.0000E+00
      2.2863E-03      1.1195E+00      1.0231E+00      1.2393E+00      2.2852E-03      8.9877E+01      9.0142E+01      1.0000E+00
      2.2993E-03      1.1160E+00      1.0219E+00      1.2325E+00      2.2973E-03      8.9877E+01      9.0089E+01      1.0000E+00
      2.2930E-03      1.1208E+00      1.0235E+00      1.2417E+00      2.2874E-03      8.9613E+01      9.0284E+01      1.0000E+00
      2.2877E-03      1.1203E+00      1.0233E+00      1.2404E+00      2.2855E-03      8.9734E+01      9.0233E+01      1.0000E+00
      2.3103E-03      1.1236E+00      1.0239E+00      1.2431E+00      2.3011E-03      8.9112E+01      9.0893E+01      1.0000E+00
      2.3048E-03      1.1211E+00      1.0242E+00      1.2450E+00      2.2938E-03      8.9184E+01      9.0625E+01      1.0000E+00
      2.3034E-03      1.1215E+00      1.0241E+00      1.2439E+00      2.2959E-03      8.8747E+01      9.1071E+01      1.0000E+00
      2.3680E-03      1.1007E+00      1.0178E+00      1.2069E+00      2.3523E-03      8.9426E+01      9.0422E+01      1.0000E+00
      2.5453E-03      1.0771E+00      1.0154E+00      1.1824E+00      2.4454E-03      8.6175E+01      9.2890E+01      1.0000E+00
      2.3492E-03      1.1091E+00      1.0204E+00      1.2234E+00      2.3337E-03      8.9615E+01      9.0295E+01      1.0000E+00
      2.3571E-03      1.1071E+00      1.0251E+00      1.2503E+00      2.2614E-03      8.7081E+01      9.3740E+01      1.0000E+00
      3.2407E-03      1.4436E+00      1.4895E+00      2.1810E+00      1.9188E-03      5.2118E+01      1.2000E+02      1.0000E+00
      1.9295E-03      1.2201E+00      1.0839E+00      1.4923E+00      1.6645E-03      8.5832E+01      1.0128E+02      1.0000E+00
      3.4656E-03      2.0849E+00      1.7311E+00      2.4708E+00      2.0554E-03      3.7883E+01      1.3872E+02      1.0000E+00
      2.3859E-03      1.1278E+00      1.0256E+00      1.2525E+00      2.3483E-03      8.7634E+01      9.1815E+01      1.0000E+00
      2.4261E-03      1.1188E+00      1.0326E+00      1.2800E+00      2.3310E-03      8.6226E+01      9.4148E+01      1.0000E+00
      2.4104E-03      1.1610E+00      1.0383E+00      1.2958E+00      2.3163E-03      8.4646E+01      9.6221E+01      1.0000E+00
      2.9200E-03      1.1909E+00      1.0561E+00      1.3847E+00      2.6036E-03      7.8160E+01      9.6910E+01      1.0000E+00
      1.9776E-03      1.2460E+00      1.0982E+00      1.5326E+00      1.6908E-03      8.4182E+01      1.0291E+02      1.0000E+00
      3.4706E-03      2.0775E+00      1.7183E+00      2.4708E+00      2.0905E-03      3.8520E+01      1.3842E+02      1.0000E+00
      3.5880E-03      1.3377E+00      1.4488E+00      2.1588E+00      2.2608E-03      6.0708E+01      1.1867E+02      1.0000E+00
      2.2878E-01      1.7637E+00      1.5427E+00      2.1110E+00      1.2707E-01      4.9459E+01      1.3696E+02      1.0000E+00
      1.2508E-01      1.2458E+00      1.1591E+00      1.7370E+00      8.7986E-02      7.4249E+01      1.0603E+02      1.0000E+00
      1.9530E-01      1.4502E+00      1.4173E+00      2.4644E+00      1.1273E-01      6.3005E+01      1.1701E+02      1.0000E+00
      4.8418E-02      1.4571E+00      1.4257E+00      2.4451E+00      2.5496E-02      5.8482E+01      1.1225E+02      1.0000E+00
      6.6599E-02      1.8530E+00      1.7094E+00      2.2216E+00      3.2953E-02      4.7270E+01      1.4179E+02      1.0000E+00
      3.0926E-02      1.1594E+00      1.1436E+00      1.6036E+00      2.3490E-02      7.7897E+01      1.0596E+02      1.0000E+00
      1.2727E-02      1.3842E+00      1.4071E+00      2.0354E+00      7.9673E-03      5.4992E+01      1.1827E+02      1.0000E+00
      1.6564E-02      1.8628E+00      1.7381E+00      2.2999E+00      8.4952E-03      4.5627E+01      1.4111E+02      1.0000E+00
      7.8902E-03      1.1966E+00      1.0695E+00      1.4439E+00      6.7463E-03      8.4249E+01      1.0062E+02      1.0000E+00
      1.0304E-02      1.0893E+00      1.0190E+00      1.2077E+00      9.9572E-03      8.6611E+01      9.3988E+01      1.0000E+00
      9.8223E-03      1.1312E+00      1.0274E+00      1.2624E+00      9.7210E-03      8.9095E+01      9.1336E+01      1.0000E+00
      9.5793E-03      1.1677E+00      1.0479E+00      1.3305E+00      8.8258E-03      8.3429E+01      1.0018E+02      1.0000E+00
      1.0267E-02      1.1982E+00      1.0528E+00      1.3622E+00      9.9382E-03      8.4610E+01      9.5629E+01      1.0000E+00
      1.5802E-02      1.7253E+00      1.4690E+00      2.0683E+00      8.8557E-03      5.2011E+01      1.3493E+02      1.0000E+00
      8.2940E-03      1.1900E+00      1.0647E+00      1.3558E+00      7.3797E-03      7.9456E+01      1.0560E+02      1.0000E+00
      1.5813E-02      1.3729E+00      1.2894E+00      2.1201E+00      8.8432E-03      7.0627E+01      1.1947E+02      1.0000E+00
      7.8908E-03      1.2142E+00      1.0623E+00      1.4053E+00      6.7495E-03      8.2743E+01      1.0035E+02      1.0000E+00
      1.2718E-02      1.8309E+00      1.5380E+00      2.0998E+00      7.9476E-03      4.2536E+01      1.3323E+02      1.0000E+00
      1.6618E-02      1.4447E+00      1.4795E+00      2.3432E+00      8.5569E-03      6.3594E+01      1.2643E+02      1.0000E+00
      7.8600E-02      1.8688E+00      1.6525E+00      2.3050E+00      4.5835E-02      4.4126E+01      1.3743E+02      1.0000E+00
      3.9375E-02      1.2191E+00      1.0727E+00      1.4591E+00      3.3199E-02      8.0585E+01      9.9050E+01      1.0000E+00
      7.8426E-02      1.4038E+00      1.5063E+00      2.2888E+00      4.5332E-02      5.9980E+01      1.2352E+02      1.0000E+00
      3.1070E-02      1.3899E+00      1.1196E+00      1.5433E+00      2.3616E-02      7.3996E+01      1.0653E+02      1.0000E+00
      4.8544E-02      1.9450E+00      1.5081E+00      2.4877E+00      2.5586E-02      4.5900E+01      1.2869E+02      1.0000E+00
      6.7664E-02      1.4826E+00      1.3636E+00      2.3289E+00      3.3586E-02      6.6516E+01      1.2478E+02      1.0000E+00
      9.5878E-03      1.1465E+00      1.0322E+00      1.2874E+00      9.5306E-03      8.9260E+01      9.0760E+01      1.0000E+00
      9.3870E-03      1.1453E+00      1.0317E+00      1.2849E+00      9.3181E-03      8.9136E+01      9.0940E+01      1.0000E+00
      1.0155E-02      1.2055E+00      1.0542E+00      1.3876E+00      9.8092E-03      8.4917E+01      9.4619E+01      1.0000E+00
      9.3530E-03      1.1827E+00      1.0460E+00      1.3344E+00      8.9899E-03      8.4936E+01      9.5659E+01      1.0000E+00
      9.3527E-03      1.1416E+00      1.0307E+00      1.2800E+00      9.3086E-03      8.9463E+01      9.0599E+01      1.0000E+00
      9.4539E-03      1.1467E+00      1.0325E+00      1.2898E+00      9.4013E-03      8.9287E+01      9.0636E+01      1.0000E+00
      9.2937E-03      1.1720E+00      1.0415E+00      1.3210E+00      8.9933E-03      8.6067E+01      9.4473E+01      1.0000E+00
      9.9646E-03      1.1951E+00      1.0509E+00      1.3735E+00      9.6288E-03      8.5230E+01      9.4083E+01      1.0000E+00
      1.2816E-02      1.8203E+00      1.5285E+00      2.1084E+00      7.9255E-03      4.2743E+01      1.3202E+02      1.0000E+00
      7.9333E-03      1.2092E+00      1.0596E+00      1.3826E+00      6.8366E-03      8.3581E+01      1.0136E+02      1.0000E+00
      1.6959E-02      1.4503E+00      1.4780E+00      2.3400E+00      8.7376E-03      6.3338E+01      1.2662E+02      1.0000E+00
      7.8779E-03      1.2145E+00      1.0630E+00      1.3779E+00      6.7253E-03      8.1681E+01      1.0337E+02      1.0000E+00
      1.2487E-02      1.7590E+00      1.4767E+00      2.0371E+00      7.8093E-03      4.4460E+01      1.2971E+02      1.0000E+00
      1.6898E-02      1.4790E+00      1.4613E+00      2.3707E+00      8.5140E-03      6.3757E+01      1.2692E+02      1.0000E+00
      9.4546E-03      1.1466E+00      1.0325E+00      1.2898E+00      9.4029E-03      8.9339E+01      9.0584E+01      1.0000E+00
      9.3568E-03      1.1416E+00      1.0306E+00      1.2796E+00      9.3159E-03      8.9517E+01      9.0521E+01      1.0000E+00
      9.9655E-03      1.1950E+00      1.0508E+00      1.3736E+00      9.6413E-03      8.5664E+01      9.3699E+01      1.0000E+00
      9.3148E-03      1.1722E+00      1.0414E+00      1.3225E+00      9.0185E-03      8.6428E+01      9.4105E+01      1.0000E+00
      9.3863E-03      1.1462E+00      1.0319E+00      1.2855E+00      9.3233E-03      8.8965E+01      9.1039E+01      1.0000E+00
      9.5263E-03      1.1534E+00      1.0349E+00      1.3015E+00      9.4548E-03      8.8866E+01      9.1041E+01      1.0000E+00
      9.4203E-03      1.1813E+00      1.0448E+00      1.3251E+00      9.1009E-03      8.4211E+01      9.5956E+01      1.0000E+00
      1.0171E-02      1.2118E+00      1.0587E+00      1.4038E+00      9.7665E-03      8.3477E+01      9.5665E+01      1.0000E+00
      1.2398E-02      1.7610E+00      1.4680E+00      2.0404E+00      7.8667E-03      4.5208E+01      1.2992E+02      1.0000E+00
      8.0252E-03      1.2186E+00      1.0655E+00      1.3654E+00      6.8958E-03      7.9861E+01      1.0449E+02      1.0000E+00
      1.7847E-02      1.5360E+00      1.4029E+00      2.4698E+00      8.6050E-03      6.5180E+01      1.2559E+02      1.0000E+00
      8.0665E-03      1.2131E+00      1.0602E+00      1.3950E+00      6.9273E-03      8.2899E+01      1.0021E+02      1.0000E+00
      1.3209E-02      1.7979E+00      1.5304E+00      2.1006E+00      8.0110E-03      4.2038E+01      1.3011E+02      1.0000E+00
      1.7904E-02      1.4279E+00      1.5836E+00      2.3540E+00      8.8438E-03      6.2476E+01      1.2968E+02      1.0000E+00
      4.9840E-02      1.9128E+00      1.4942E+00      2.4577E+00      2.6614E-02      4.6008E+01      1.2864E+02      1.0000E+00
      3.4364E-02      1.4843E+00      1.1789E+00      1.6937E+00      2.3175E-02      6.8615E+01      1.1219E+02      1.0000E+00
      6.4660E-02      1.4357E+00      1.2922E+00      2.2115E+00      3.6554E-02      6.7958E+01      1.1917E+02      1.0000E+00
      4.9151E-02      1.2339E+00      1.1224E+00      1.3621E+00      4.1492E-02      7.1729E+01      1.1508E+02      1.0000E+00
      5.6968E-02      1.3587E+00      1.1588E+00      1.7403E+00      4.1438E-02      7.0979E+01      1.0417E+02      1.0000E+00
      6.6223E-02      1.1302E+00      1.0704E+00      1.3358E+00      6.0109E-02      7.6696E+01      1.0318E+02      1.0000E+00
      9.5564E-03      1.1518E+00      1.0349E+00      1.3012E+00      9.5172E-03      8.9717E+01      9.0279E+01      1.0000E+00
      9.5060E-03      1.1465E+00      1.0330E+00      1.2922E+00      9.4502E-03      8.9727E+01      9.0468E+01      1.0000E+00
      1.0164E-02      1.2126E+00      1.0584E+00      1.4044E+00      9.9341E-03      8.7144E+01      9.2768E+01      1.0000E+00
      9.8269E-03      1.1778E+00      1.0444E+00      1.3444E+00      9.6885E-03      8.8648E+01      9.1478E+01      1.0000E+00
      9.5296E-03      1.1419E+00      1.0323E+00      1.2881E+00      9.4558E-03      8.8785E+01      9.0873E+01      1.0000E+00
      9.5185E-03      1.1428E+00      1.0325E+00      1.2888E+00      9.4778E-03      8.9044E+01      9.1092E+01      1.0000E+00
      1.0213E-02      1.1692E+00      1.0468E+00      1.3482E+00      9.7846E-03      8.3989E+01      9.3857E+01      1.0000E+00
      1.0232E-02      1.1690E+00      1.0477E+00      1.3547E+00      9.8987E-03      8.6696E+01      9.4808E+01      1.0000E+00
      1.2135E-02      1.8758E+00      1.5517E+00      2.1488E+00      8.0138E-03      4.3714E+01      1.3535E+02      1.0000E+00
      8.4706E-03      1.3145E+00      1.1268E+00      1.5123E+00      6.7716E-03      7.4681E+01      1.1164E+02      1.0000E+00
      1.5456E-02      1.4065E+00      1.2219E+00      2.1605E+00      9.1574E-03      6.7583E+01      1.1301E+02      1.0000E+00
      1.2041E-02      1.1923E+00      1.0697E+00      1.4138E+00      1.0828E-02      7.7213E+01      9.7503E+01      1.0000E+00
      1.3859E-02      1.2135E+00      1.1374E+00      1.5517E+00      1.1654E-02      7.1957E+01      1.0512E+02      1.0000E+00
      1.5026E-02      1.1510E+00      1.0649E+00      1.3219E+00      1.4207E-02      7.8328E+01      1.0282E+02      1.0000E+00
      9.3487E-03      1.1511E+00      1.0344E+00      1.2988E+00      9.2379E-03      8.8930E+01      9.0738E+01      1.0000E+00
      9.1782E-03      1.1422E+00      1.0317E+00      1.2855E+00      9.0578E-03      8.9284E+01      9.0843E+01      1.0000E+00
      9.2353E-03      1.2092E+00      1.0594E+00      1.4072E+00      8.7168E-03      8.6273E+01      9.3518E+01      1.0000E+00
      8.6382E-03      1.1597E+00      1.0449E+00      1.3479E+00      8.2479E-03      8.7801E+01      9.2605E+01      1.0000E+00
      9.1633E-03      1.1268E+00      1.0263E+00      1.2569E+00      9.1310E-03      8.9749E+01      9.0181E+01      1.0000E+00
      9.2898E-03      1.1265E+00      1.0254E+00      1.2513E+00      9.2339E-03      8.9039E+01      9.1148E+01      1.0000E+00
      8.8825E-03      1.1282E+00      1.0264E+00      1.2574E+00      8.7500E-03      8.9173E+01      9.1490E+01      1.0000E+00
      9.1062E-03      1.1137E+00      1.0212E+00      1.2277E+00      9.0952E-03      8.9029E+01      9.0915E+01      1.0000E+00
      8.0534E-03      1.6725E+00      1.3853E+00      1.7383E+00      4.8368E-03      5.5764E+01      1.3313E+02      1.0000E+00
      6.3770E-03      1.2494E+00      1.0979E+00      1.4886E+00      4.9901E-03      7.9701E+01      1.1032E+02      1.0000E+00
      8.0687E-03      1.3642E+00      1.1449E+00      1.8091E+00      4.8576E-03      6.9437E+01      1.1655E+02      1.0000E+00
      8.7134E-03      1.1354E+00      1.0259E+00      1.2547E+00      8.2630E-03      8.4694E+01      9.3679E+01      1.0000E+00
      9.2012E-03      1.1074E+00      1.0216E+00      1.2277E+00      9.0837E-03      8.8103E+01      9.1779E+01      1.0000E+00
      9.3186E-03      1.1016E+00      1.0221E+00      1.2140E+00      8.7964E-03      8.2515E+01      9.4587E+01      1.0000E+00
      1.0141E-02      1.1532E+00      1.0385E+00      1.3079E+00      9.3404E-03      8.0753E+01      9.5539E+01      1.0000E+00
      2.8385E-02      2.1328E+00      1.6013E+00      2.4507E+00      1.4386E-02      5.2086E+01      1.3092E+02      1.0000E+00
      1.4226E-02      1.2295E+00      1.1278E+00      1.3312E+00      1.2471E-02      7.0099E+01      1.1538E+02      1.0000E+00
      2.8381E-02      1.7163E+00      1.3950E+00      2.5245E+00      1.4355E-02      5.1563E+01      1.1997E+02      1.0000E+00
      1.3841E-02      1.3094E+00      1.1391E+00      1.4275E+00      1.1617E-02      6.4155E+01      1.1390E+02      1.0000E+00
      1.5025E-02      1.1709E+00      1.0493E+00      1.2654E+00      1.4203E-02      7.8338E+01      1.0242E+02      1.0000E+00
      1.2025E-02      1.1926E+00      1.0480E+00      1.3537E+00      1.0804E-02      7.7635E+01      9.8953E+01      1.0000E+00
      1.0114E-02      1.1151E+00      1.0238E+00      1.1902E+00      9.7634E-03      8.2562E+01      9.7919E+01      1.0000E+00
      8.7833E-03      1.1287E+00      1.0458E+00      1.3513E+00      7.5131E-03      8.4028E+01      9.9638E+01      1.0000E+00
      1.0082E-02      1.1299E+00      1.0238E+00      1.2384E+00      9.6257E-03      8.3336E+01      9.5435E+01      1.0000E+00
      8.7123E-03      1.1392E+00      1.0496E+00      1.3568E+00      7.3824E-03      8.3921E+01      1.0251E+02      1.0000E+00
      1.5463E-02      1.7426E+00      1.3840E+00      2.1208E+00      9.1707E-03      5.2995E+01      1.3076E+02      1.0000E+00
      8.4837E-03      1.1699E+00      1.0822E+00      1.4114E+00      6.7902E-03      8.1115E+01      1.0852E+02      1.0000E+00
      1.2157E-02      1.4218E+00      1.3274E+00      1.9895E+00      8.0439E-03      5.8064E+01      1.2072E+02      1.0000E+00
      9.9013E-03      1.0821E+00      1.0135E+00      1.1780E+00      9.7112E-03      8.9183E+01      9.1218E+01      1.0000E+00
      1.0272E-02      1.1408E+00      1.0311E+00      1.2758E+00      9.6750E-03      8.2631E+01      9.4926E+01      1.0000E+00
      1.0276E-02      1.0639E+00      1.0093E+00      1.1455E+00      1.0048E-02      8.8739E+01      9.1692E+01      1.0000E+00
      9.7172E-03      1.0997E+00      1.0166E+00      1.1983E+00      9.6978E-03      8.8993E+01      9.1061E+01      1.0000E+00
      1.0065E-02      1.1700E+00      1.0444E+00      1.3402E+00      9.3778E-03      8.2053E+01      9.5002E+01      1.0000E+00
      8.7897E-03      1.2759E+00      1.1933E+00      1.5675E+00      6.3093E-03      7.5211E+01      1.1959E+02      1.0000E+00
      8.6121E-03      1.1467E+00      1.0565E+00      1.3972E+00      7.4135E-03      8.4937E+01      9.9721E+01      1.0000E+00
      3.3360E-03      1.3236E+00      1.2898E+00      2.0541E+00      2.0354E-03      6.9429E+01      1.1633E+02      1.0000E+00
      3.6046E-03      1.8176E+00      1.5629E+00      2.0904E+00      1.9859E-03      4.8369E+01      1.3835E+02      1.0000E+00
      1.9481E-03      1.2373E+00      1.0917E+00      1.4881E+00      1.6601E-03      8.1634E+01      1.0532E+02      1.0000E+00
      2.8478E-03      1.3175E+00      1.3619E+00      1.9344E+00      1.8621E-03      5.8035E+01      1.1584E+02      1.0000E+00
      3.3656E-03      1.8820E+00      1.7596E+00      2.2143E+00      1.8423E-03      4.3317E+01      1.4168E+02      1.0000E+00
      1.8605E-03      1.2301E+00      1.0866E+00      1.5074E+00      1.4997E-03      8.0048E+01      1.0248E+02      1.0000E+00
      2.4318E-03      1.0893E+00      1.0181E+00      1.2016E+00      2.3697E-03      8.6878E+01      9.2781E+01      1.0000E+00
      2.3374E-03      1.1053E+00      1.0191E+00      1.2150E+00      2.3277E-03      8.9376E+01      9.0595E+01      1.0000E+00
      2.3025E-03      1.1121E+00      1.0240E+00      1.2418E+00      2.2398E-03      8.7182E+01      9.3700E+01      1.0000E+00
      2.3124E-03      1.1108E+00      1.0212E+00      1.2279E+00      2.2980E-03      8.9095E+01      9.0985E+01      1.0000E+00
      2.8942E-03      1.2108E+00      1.0632E+00      1.4233E+00      2.5914E-03      8.0378E+01      9.5342E+01      1.0000E+00
      2.3909E-03      1.1816E+00      1.0471E+00      1.3331E+00      2.2657E-03      8.4151E+01      9.7140E+01      1.0000E+00
      2.3822E-03      1.1293E+00      1.0327E+00      1.2903E+00      2.2822E-03      8.8238E+01      9.3093E+01      1.0000E+00
      2.3712E-03      1.1320E+00      1.0268E+00      1.2596E+00      2.3365E-03      8.7948E+01      9.1617E+01      1.0000E+00
      2.2816E-03      1.1192E+00      1.0240E+00      1.2432E+00      2.2715E-03      8.8738E+01      9.1284E+01      1.0000E+00
      2.2982E-03      1.1146E+00      1.0216E+00      1.2303E+00      2.2957E-03      8.9455E+01      9.0557E+01      1.0000E+00
      2.3073E-03      1.1246E+00      1.0243E+00      1.2455E+00      2.2950E-03      8.9129E+01      9.0947E+01      1.0000E+00
      2.2999E-03      1.1159E+00      1.0219E+00      1.2321E+00      2.2969E-03      8.9757E+01      9.0310E+01      1.0000E+00
      9.0432E-03      1.1252E+00      1.0854E+00      1.4002E+00      7.7948E-03      7.8439E+01      1.0308E+02      1.0000E+00
      8.8083E-03      1.2606E+00      1.1819E+00      1.5391E+00      6.3920E-03      7.5756E+01      1.1891E+02      1.0000E+00
      3.7145E-03      1.9495E+00      1.7980E+00      2.2657E+00      1.8746E-03      4.3664E+01      1.4354E+02      1.0000E+00
      1.8870E-03      1.2228E+00      1.0859E+00      1.4936E+00      1.5987E-03      8.4857E+01      1.0309E+02      1.0000E+00
      2.8920E-03      1.3047E+00      1.3302E+00      1.9218E+00      1.8811E-03      5.9414E+01      1.1337E+02      1.0000E+00
      2.8467E-03      1.3150E+00      1.3615E+00      1.9301E+00      1.8621E-03      5.8067E+01      1.1596E+02      1.0000E+00
      3.3670E-03      1.8749E+00      1.7526E+00      2.2095E+00      1.8442E-03      4.3525E+01      1.4153E+02      1.0000E+00
      1.8608E-03      1.2299E+00      1.0864E+00      1.5070E+00      1.4995E-03      8.0054E+01      1.0251E+02      1.0000E+00
      2.3011E-03      1.1188E+00      1.0264E+00      1.2574E+00      2.2255E-03      8.8343E+01      9.2932E+01      1.0000E+00
      2.3296E-03      1.1120E+00      1.0211E+00      1.2275E+00      2.3210E-03      8.9808E+01      9.0173E+01      1.0000E+00
      2.4377E-03      1.0923E+00      1.0183E+00      1.2075E+00      2.3696E-03      8.7627E+01      9.1777E+01      1.0000E+00
      2.3395E-03      1.1057E+00      1.0192E+00      1.2158E+00      2.3295E-03      8.9700E+01      9.0250E+01      1.0000E+00
      2.3025E-03      1.1180E+00      1.0224E+00      1.2354E+00      2.2986E-03      8.9805E+01      9.0238E+01      1.0000E+00
      2.3012E-03      1.1155E+00      1.0217E+00      1.2312E+00      2.2998E-03      8.9905E+01      9.0065E+01      1.0000E+00
      2.3012E-03      1.1155E+00      1.0217E+00      1.2312E+00      2.2998E-03      8.9905E+01      9.0064E+01      1.0000E+00
      2.3025E-03      1.1180E+00      1.0224E+00      1.2354E+00      2.2986E-03      8.9805E+01      9.0238E+01      1.0000E+00
      2.4317E-03      1.0890E+00      1.0180E+00      1.2012E+00      2.3699E-03      8.6907E+01      9.2767E+01      1.0000E+00
      2.3376E-03      1.1052E+00      1.0191E+00      1.2150E+00      2.3278E-03      8.9379E+01      9.0593E+01      1.0000E+00
      2.3027E-03      1.1121E+00      1.0240E+00      1.2419E+00      2.2397E-03      8.7197E+01      9.3700E+01      1.0000E+00
      2.3128E-03      1.1109E+00      1.0212E+00      1.2280E+00      2.2984E-03      8.9098E+01      9.0983E+01      1.0000E+00
      2.2999E-03      1.1159E+00      1.0219E+00      1.2321E+00      2.2970E-03      8.9757E+01      9.0310E+01      1.0000E+00
      2.3074E-03      1.1246E+00      1.0243E+00      1.2456E+00      2.2950E-03      8.9129E+01      9.0947E+01      1.0000E+00
      2.2985E-03      1.1147E+00      1.0216E+00      1.2305E+00      2.2960E-03      8.9458E+01      9.0557E+01      1.0000E+00
      2.2819E-03      1.1192E+00      1.0240E+00      1.2432E+00      2.2719E-03      8.8738E+01      9.1280E+01      1.0000E+00
      2.2990E-03      1.1161E+00      1.0219E+00      1.2324E+00      2.2965E-03      8.9735E+01      9.0314E+01      1.0000E+00
      2.3036E-03      1.1258E+00      1.0245E+00      1.2471E+00      2.2927E-03      8.8992E+01      9.0993E+01      1.0000E+00
      2.2979E-03      1.1147E+00      1.0216E+00      1.2305E+00      2.2952E-03      8.9445E+01      9.0568E+01      1.0000E+00
      2.2806E-03      1.1193E+00      1.0240E+00      1.2431E+00      2.2713E-03      8.8704E+01      9.1309E+01      1.0000E+00
      2.3659E-03      1.1346E+00      1.0284E+00      1.2672E+00      2.3247E-03      8.7408E+01      9.1935E+01      1.0000E+00
      2.4052E-03      1.1249E+00      1.0299E+00      1.2748E+00      2.3188E-03      8.7223E+01      9.3952E+01      1.0000E+00
      2.3889E-03      1.1806E+00      1.0469E+00      1.3311E+00      2.2652E-03      8.3989E+01      9.7300E+01      1.0000E+00
      2.8847E-03      1.2035E+00      1.0602E+00      1.4088E+00      2.5971E-03      7.9894E+01      9.5920E+01      1.0000E+00
      2.3124E-03      1.1108E+00      1.0212E+00      1.2279E+00      2.2979E-03      8.9093E+01      9.0988E+01      1.0000E+00
      2.3021E-03      1.1121E+00      1.0240E+00      1.2419E+00      2.2390E-03      8.7175E+01      9.3722E+01      1.0000E+00
      2.3375E-03      1.1052E+00      1.0191E+00      1.2150E+00      2.3278E-03      8.9377E+01      9.0595E+01      1.0000E+00
      2.4315E-03      1.0892E+00      1.0181E+00      1.2014E+00      2.3696E-03      8.6888E+01      9.2783E+01      1.0000E+00
      1.8587E-03      1.2304E+00      1.0865E+00      1.5073E+00      1.4970E-03      7.9919E+01      1.0244E+02      1.0000E+00
      3.3536E-03      1.8721E+00      1.7592E+00      2.2046E+00      1.8385E-03      4.3423E+01      1.4165E+02      1.0000E+00
      2.8457E-03      1.3169E+00      1.3620E+00      1.9330E+00      1.8616E-03      5.8037E+01      1.1590E+02      1.0000E+00
      8.1360E-03      1.1926E+00      1.0786E+00      1.3820E+00      6.3431E-03      8.0772E+01      1.1066E+02      1.0000E+00
      8.6684E-03      1.2493E+00      1.1749E+00      1.5387E+00      6.3273E-03      7.6922E+01      1.1796E+02      1.0000E+00
      9.9411E-03      1.1462E+00      1.0349E+00      1.2938E+00      9.3317E-03      8.2511E+01      9.4653E+01      1.0000E+00
      1.9286E-03      1.2446E+00      1.0896E+00      1.5041E+00      1.5295E-03      8.0713E+01      1.0513E+02      1.0000E+00
      3.2488E-03      1.6738E+00      1.5183E+00      1.9977E+00      1.9366E-03      4.9604E+01      1.3558E+02      1.0000E+00
      3.2845E-03      1.3283E+00      1.3294E+00      2.0547E+00      1.9652E-03      6.7675E+01      1.1928E+02      1.0000E+00
      2.3395E-03      1.1057E+00      1.0192E+00      1.2158E+00      2.3295E-03      8.9703E+01      9.0248E+01      1.0000E+00
      2.4372E-03      1.0922E+00      1.0183E+00      1.2074E+00      2.3694E-03      8.7651E+01      9.1762E+01      1.0000E+00
      2.3296E-03      1.1120E+00      1.0211E+00      1.2275E+00      2.3210E-03      8.9810E+01      9.0174E+01      1.0000E+00
      2.3008E-03      1.1189E+00      1.0264E+00      1.2574E+00      2.2252E-03      8.8359E+01      9.2925E+01      1.0000E+00
      2.8867E-03      1.3020E+00      1.3281E+00      1.9167E+00      1.8805E-03      5.9544E+01      1.1336E+02      1.0000E+00
      1.8866E-03      1.2228E+00      1.0859E+00      1.4935E+00      1.5984E-03      8.4836E+01      1.0312E+02      1.0000E+00
      3.7067E-03      1.9491E+00      1.7956E+00      2.2634E+00      1.8703E-03      4.3719E+01      1.4352E+02      1.0000E+00
      2.3712E-03      1.1320E+00      1.0268E+00      1.2596E+00      2.3365E-03      8.7944E+01      9.1620E+01      1.0000E+00
      2.3824E-03      1.1293E+00      1.0327E+00      1.2903E+00      2.2825E-03      8.8227E+01      9.3098E+01      1.0000E+00
      2.3912E-03      1.1816E+00      1.0470E+00      1.3330E+00      2.2661E-03      8.4146E+01      9.7140E+01      1.0000E+00
      2.8950E-03      1.2111E+00      1.0634E+00      1.4239E+00      2.5915E-03      8.0333E+01      9.5382E+01      1.0000E+00
      1.9480E-03      1.2375E+00      1.0917E+00      1.4884E+00      1.6600E-03      8.1645E+01      1.0531E+02      1.0000E+00
      3.6047E-03      1.8188E+00      1.5651E+00      2.0914E+00      1.9861E-03      4.8292E+01      1.3841E+02      1.0000E+00
      3.3380E-03      1.3226E+00      1.2902E+00      2.0534E+00      2.0383E-03      6.9425E+01      1.1629E+02      1.0000E+00
      9.0051E-03      1.1266E+00      1.0856E+00      1.4005E+00      7.7753E-03      7.8355E+01      1.0313E+02      1.0000E+00
      9.2107E-03      1.1132E+00      1.0222E+00      1.2335E+00      9.0898E-03      8.8811E+01      9.1733E+01      1.0000E+00
      8.6126E-03      1.1477E+00      1.0572E+00      1.4003E+00      7.4076E-03      8.4961E+01      9.9691E+01      1.0000E+00
      9.1526E-03      1.1172E+00      1.0222E+00      1.2335E+00      9.1115E-03      8.8752E+01      9.1085E+01      1.0000E+00
      3.3708E-03      1.3296E+00      1.3028E+00      2.0630E+00      2.0542E-03      6.8436E+01      1.1707E+02      1.0000E+00
      3.6416E-03      1.7671E+00      1.5377E+00      2.0907E+00      2.0242E-03      4.9530E+01      1.3710E+02      1.0000E+00
      1.9580E-03      1.2368E+00      1.0905E+00      1.4860E+00      1.6367E-03      8.1852E+01      1.0583E+02      1.0000E+00
      2.9017E-03      1.2077E+00      1.0618E+00      1.4176E+00      2.6013E-03      8.0379E+01      9.5347E+01      1.0000E+00
      2.3947E-03      1.1815E+00      1.0471E+00      1.3335E+00      2.2694E-03      8.4186E+01      9.7124E+01      1.0000E+00
      2.4054E-03      1.1312E+00      1.0326E+00      1.2898E+00      2.3047E-03      8.8335E+01      9.3246E+01      1.0000E+00
      2.3908E-03      1.1350E+00      1.0277E+00      1.2642E+00      2.3577E-03      8.8032E+01      9.1625E+01      1.0000E+00
      3.6129E-03      1.7553E+00      1.5094E+00      2.0793E+00      2.0196E-03      5.0356E+01      1.3630E+02      1.0000E+00
      1.9495E-03      1.2318E+00      1.0879E+00      1.4790E+00      1.6330E-03      8.2118E+01      1.0560E+02      1.0000E+00
      3.2793E-03      1.3408E+00      1.3060E+00      2.0525E+00      2.0026E-03      6.7341E+01      1.1810E+02      1.0000E+00
      2.3960E-03      1.1284E+00      1.0315E+00      1.2845E+00      2.2912E-03      8.8401E+01      9.3289E+01      1.0000E+00
      2.3908E-03      1.1301E+00      1.0267E+00      1.2590E+00      2.3627E-03      8.8797E+01      9.0764E+01      1.0000E+00
      2.8611E-03      1.1836E+00      1.0526E+00      1.3791E+00      2.5623E-03      8.0845E+01      9.4281E+01      1.0000E+00
      2.3769E-03      1.1638E+00      1.0380E+00      1.3022E+00      2.2721E-03      8.5722E+01      9.5256E+01      1.0000E+00
      2.2849E-03      1.1198E+00      1.0243E+00      1.2446E+00      2.2747E-03      8.8732E+01      9.1280E+01      1.0000E+00
      2.3014E-03      1.1155E+00      1.0219E+00      1.2320E+00      2.2989E-03      8.9458E+01      9.0557E+01      1.0000E+00
      2.3234E-03      1.1281E+00      1.0257E+00      1.2530E+00      2.3114E-03      8.9142E+01      9.0948E+01      1.0000E+00
      2.3170E-03      1.1199E+00      1.0233E+00      1.2406E+00      2.3150E-03      8.9713E+01      9.0305E+01      1.0000E+00
      2.3154E-03      1.1117E+00      1.0215E+00      1.2295E+00      2.3006E-03      8.9119E+01      9.0981E+01      1.0000E+00
      2.3046E-03      1.1128E+00      1.0242E+00      1.2432E+00      2.2410E-03      8.7221E+01      9.3699E+01      1.0000E+00
      2.3538E-03      1.1099E+00      1.0205E+00      1.2239E+00      2.3427E-03      8.9535E+01      9.0563E+01      1.0000E+00
      2.4428E-03      1.0898E+00      1.0185E+00      1.2046E+00      2.3842E-03      8.7144E+01      9.2729E+01      1.0000E+00
      2.3425E-03      1.1305E+00      1.0269E+00      1.2601E+00      2.3362E-03      8.9505E+01      9.0574E+01      1.0000E+00
      2.3596E-03      1.1345E+00      1.0279E+00      1.2656E+00      2.3509E-03      8.9413E+01      9.0604E+01      1.0000E+00
      2.3089E-03      1.1595E+00      1.0372E+00      1.3030E+00      2.2320E-03      8.6486E+01      9.4351E+01      1.0000E+00
      2.4622E-03      1.1806E+00      1.0436E+00      1.3419E+00      2.3922E-03      8.5893E+01      9.3716E+01      1.0000E+00
      2.3967E-03      1.1246E+00      1.0250E+00      1.2494E+00      2.3776E-03      8.9277E+01      9.1066E+01      1.0000E+00
      2.4663E-03      1.0974E+00      1.0205E+00      1.2207E+00      2.3999E-03      8.7349E+01      9.3016E+01      1.0000E+00
      2.4782E-03      1.1764E+00      1.0427E+00      1.3247E+00      2.4137E-03      8.5518E+01      9.4570E+01      1.0000E+00
      2.3071E-03      1.1582E+00      1.0417E+00      1.3142E+00      2.1594E-03      8.4886E+01      9.8005E+01      1.0000E+00
      8.2927E-03      1.2903E+00      1.1505E+00      1.5433E+00      5.8585E-03      7.5751E+01      1.1798E+02      1.0000E+00
      1.0064E-02      1.1542E+00      1.0398E+00      1.3169E+00      9.4258E-03      8.2593E+01      9.4265E+01      1.0000E+00
      8.5880E-03      1.2573E+00      1.0836E+00      1.4132E+00      7.3751E-03      7.8132E+01      1.0530E+02      1.0000E+00
      3.2620E-03      1.6835E+00      1.4550E+00      2.0115E+00      2.0078E-03      5.0288E+01      1.3330E+02      1.0000E+00
      1.9427E-03      1.1812E+00      1.0514E+00      1.3463E+00      1.6558E-03      8.3443E+01      1.0305E+02      1.0000E+00
      3.5969E-03      1.4063E+00      1.3450E+00      2.1195E+00      1.9910E-03      6.6546E+01      1.2365E+02      1.0000E+00
      9.1456E-03      1.2981E+00      1.1045E+00      1.4275E+00      7.8895E-03      7.2178E+01      1.0849E+02      1.0000E+00
      9.1413E-03      1.3010E+00      1.1105E+00      1.4354E+00      7.9406E-03      7.0826E+01      1.0952E+02      1.0000E+00
      1.8942E-03      1.1969E+00      1.0563E+00      1.3635E+00      1.6038E-03      8.3015E+01      1.0313E+02      1.0000E+00
      2.9514E-03      1.6910E+00      1.4171E+00      1.9424E+00      1.9003E-03      4.6882E+01      1.2809E+02      1.0000E+00
      3.7742E-03      1.5129E+00      1.4737E+00      2.3353E+00      1.9196E-03      6.1270E+01      1.2879E+02      1.0000E+00
      2.9434E-03      1.6948E+00      1.4209E+00      1.9416E+00      1.9063E-03      4.6779E+01      1.2869E+02      1.0000E+00
      1.8919E-03      1.2019E+00      1.0560E+00      1.3647E+00      1.6154E-03      8.3257E+01      1.0210E+02      1.0000E+00
      3.8366E-03      1.5129E+00      1.4777E+00      2.3482E+00      1.9065E-03      6.2065E+01      1.2920E+02      1.0000E+00
      8.8029E-03      1.2772E+00      1.1922E+00      1.5712E+00      6.3111E-03      7.5325E+01      1.1949E+02      1.0000E+00
      9.0854E-03      1.1342E+00      1.0924E+00      1.4129E+00      7.8364E-03      7.7827E+01      1.0391E+02      1.0000E+00
      1.8614E-03      1.2305E+00      1.0867E+00      1.5079E+00      1.5000E-03      8.0046E+01      1.0251E+02      1.0000E+00
      3.3678E-03      1.8806E+00      1.7582E+00      2.2134E+00      1.8462E-03      4.3328E+01      1.4163E+02      1.0000E+00
      2.8565E-03      1.3166E+00      1.3626E+00      1.9357E+00      1.8674E-03      5.8105E+01      1.1586E+02      1.0000E+00
      2.8971E-03      1.3032E+00      1.3358E+00      1.9202E+00      1.8935E-03      5.9386E+01      1.1399E+02      1.0000E+00
      1.8853E-03      1.2090E+00      1.0798E+00      1.4773E+00      1.6083E-03      8.5792E+01      1.0217E+02      1.0000E+00
      3.7864E-03      1.9454E+00      1.8093E+00      2.2809E+00      1.8639E-03      4.4117E+01      1.4385E+02      1.0000E+00
      1.0086E-02      1.1713E+00      1.0456E+00      1.3444E+00      9.4023E-03      8.1962E+01      9.5056E+01      1.0000E+00
      9.2964E-03      1.1302E+00      1.0256E+00      1.2525E+00      9.1937E-03      8.8898E+01      9.1248E+01      1.0000E+00
      9.4488E-03      1.1831E+00      1.0479E+00      1.3407E+00      9.0092E-03      8.4638E+01      9.6524E+01      1.0000E+00
      9.5258E-03      1.1770E+00      1.0418E+00      1.3162E+00      9.1662E-03      8.5117E+01      9.5152E+01      1.0000E+00
      9.2242E-03      1.1439E+00      1.0724E+00      1.4418E+00      7.6240E-03      8.0287E+01      9.8294E+01      1.0000E+00
      9.1338E-03      1.3139E+00      1.0983E+00      1.4774E+00      7.6828E-03      7.8731E+01      1.0343E+02      1.0000E+00
      1.2718E-02      1.1505E+00      1.0435E+00      1.2710E+00      1.2329E-02      7.8251E+01      1.0036E+02      1.0000E+00
      1.9927E-03      1.1738E+00      1.0524E+00      1.3350E+00      1.8200E-03      8.1947E+01      1.0197E+02      1.0000E+00
      3.8654E-03      1.7937E+00      1.5391E+00      2.1286E+00      2.2245E-03      4.8068E+01      1.3650E+02      1.0000E+00
      3.8789E-03      1.3923E+00      1.3565E+00      2.1537E+00      2.2352E-03      6.5357E+01      1.2152E+02      1.0000E+00
      7.7846E-03      1.2500E+00      1.0911E+00      1.5208E+00      6.4333E-03      8.0501E+01      1.0115E+02      1.0000E+00
      1.3645E-02      2.0899E+00      1.7081E+00      2.4561E+00      7.8346E-03      3.8875E+01      1.3781E+02      1.0000E+00
      1.4355E-02      1.3485E+00      1.4740E+00      2.1597E+00      8.9530E-03      6.0039E+01      1.2103E+02      1.0000E+00
      2.1250E-01      1.9902E+00      1.7300E+00      2.7002E+00      1.0939E-01      4.1512E+01      1.3483E+02      1.0000E+00
      1.2179E-01      1.4141E+00      1.1498E+00      1.6729E+00      8.4297E-02      6.4072E+01      1.0708E+02      1.0000E+00
      2.1459E-01      1.5806E+00      1.4979E+00      2.3940E+00      1.1824E-01      5.0838E+01      1.2237E+02      1.0000E+00
      1.3835E-01      1.3222E+00      1.1322E+00      1.3994E+00      1.1252E-01      6.7758E+01      1.1493E+02      1.0000E+00
      8.9301E-02      1.1930E+00      1.0634E+00      1.3627E+00      7.8425E-02      8.0329E+01      1.0504E+02      1.0000E+00
      1.3930E-01      1.1355E+00      1.0318E+00      1.2280E+00      1.3474E-01      8.1765E+01      9.8664E+01      1.0000E+00
      1.2351E-01      1.1640E+00      1.0944E+00      1.4165E+00      1.1103E-01      7.6759E+01      1.0414E+02      1.0000E+00
      5.7172E-02      1.2783E+00      1.1148E+00      1.5633E+00      4.1730E-02      6.4551E+01      1.0115E+02      1.0000E+00
      6.6225E-02      1.2338E+00      1.0642E+00      1.3686E+00      6.0390E-02      7.8718E+01      1.0127E+02      1.0000E+00
      4.9784E-02      1.1995E+00      1.0888E+00      1.3773E+00      4.1723E-02      7.7638E+01      1.1051E+02      1.0000E+00
      1.3240E-02      1.4477E+00      1.4495E+00      2.1289E+00      8.0263E-03      5.1670E+01      1.1631E+02      1.0000E+00
      1.7992E-02      1.8161E+00      1.8982E+00      2.2924E+00      8.8721E-03      4.4556E+01      1.4369E+02      1.0000E+00
      8.0791E-03      1.1919E+00      1.0687E+00      1.4433E+00      6.9314E-03      8.4137E+01      9.9998E+01      1.0000E+00
      1.0209E-02      1.0838E+00      1.0175E+00      1.1913E+00      9.8047E-03      8.5164E+01      9.3678E+01      1.0000E+00
      9.5772E-03      1.1025E+00      1.0190E+00      1.2145E+00      9.4644E-03      8.9310E+01      9.0524E+01      1.0000E+00
      9.4274E-03      1.1011E+00      1.0250E+00      1.2381E+00      9.1024E-03      8.6217E+01      9.4094E+01      1.0000E+00
      9.3650E-03      1.1057E+00      1.0195E+00      1.2179E+00      9.3067E-03      8.9368E+01      9.0702E+01      1.0000E+00
      1.8010E-02      1.9247E+00      1.6570E+00      2.3919E+00      8.7869E-03      4.7787E+01      1.3993E+02      1.0000E+00
      8.0418E-03      1.1852E+00      1.0751E+00      1.4338E+00      6.9111E-03      8.2180E+01      1.0445E+02      1.0000E+00
      1.2518E-02      1.3625E+00      1.3505E+00      1.9927E+00      7.8838E-03      5.7034E+01      1.1561E+02      1.0000E+00
      9.3208E-03      1.1049E+00      1.0225E+00      1.2359E+00      9.0167E-03      8.8326E+01      9.2505E+01      1.0000E+00
      9.3423E-03      1.1051E+00      1.0192E+00      1.2158E+00      9.2901E-03      8.9721E+01      9.0273E+01      1.0000E+00
      9.9851E-03      1.0858E+00      1.0162E+00      1.1940E+00      9.6533E-03      8.7260E+01      9.1766E+01      1.0000E+00
      9.4517E-03      1.1003E+00      1.0176E+00      1.2058E+00      9.3955E-03      8.9607E+01      9.0270E+01      1.0000E+00
      6.5811E-02      1.6971E+00      1.4855E+00      2.1129E+00      3.9855E-02      4.9696E+01      1.3312E+02      1.0000E+00
      3.5315E-02      1.1963E+00      1.1433E+00      1.6689E+00      2.4133E-02      7.2973E+01      1.0715E+02      1.0000E+00
      5.3340E-02      1.5768E+00      1.5112E+00      2.5886E+00      2.7641E-02      5.3545E+01      1.1973E+02      1.0000E+00
      1.2653E-02      1.3618E+00      1.3805E+00      1.9987E+00      7.8891E-03      5.5433E+01      1.1566E+02      1.0000E+00
      1.7577E-02      1.8378E+00      1.7252E+00      2.3156E+00      8.7309E-03      4.7112E+01      1.4089E+02      1.0000E+00
      8.0013E-03      1.1857E+00      1.0698E+00      1.4377E+00      6.7821E-03      8.4254E+01      1.0345E+02      1.0000E+00
      9.9939E-03      1.0872E+00      1.0167E+00      1.1952E+00      9.6596E-03      8.6736E+01      9.2210E+01      1.0000E+00
      9.4538E-03      1.1002E+00      1.0175E+00      1.2051E+00      9.4000E-03      8.9486E+01      9.0386E+01      1.0000E+00
      9.3238E-03      1.1039E+00      1.0221E+00      1.2330E+00      9.0238E-03      8.7739E+01      9.3085E+01      1.0000E+00
      9.3365E-03      1.1048E+00      1.0191E+00      1.2156E+00      9.2784E-03      8.9543E+01      9.0546E+01      1.0000E+00
      1.7851E-02      1.7925E+00      1.6470E+00      2.2920E+00      9.4092E-03      4.7969E+01      1.3822E+02      1.0000E+00
      8.1450E-03      1.1712E+00      1.0564E+00      1.3816E+00      7.0790E-03      8.5080E+01      1.0217E+02      1.0000E+00
      1.4140E-02      1.5268E+00      1.4163E+00      2.2609E+00      8.0534E-03      5.2877E+01      1.1961E+02      1.0000E+00
      9.3586E-03      1.1013E+00      1.0220E+00      1.2328E+00      9.0110E-03      8.8198E+01      9.2705E+01      1.0000E+00
      9.2650E-03      1.1095E+00      1.0200E+00      1.2207E+00      9.2391E-03      8.9792E+01      9.0309E+01      1.0000E+00
      9.5015E-03      1.1165E+00      1.0294E+00      1.2623E+00      9.1335E-03      8.5334E+01      9.3723E+01      1.0000E+00
      9.1959E-03      1.1169E+00      1.0237E+00      1.2422E+00      9.1191E-03      8.9184E+01      9.0706E+01      1.0000E+00
      9.3291E-03      1.1185E+00      1.0232E+00      1.2398E+00      9.2777E-03      8.9682E+01      9.0572E+01      1.0000E+00
      9.1940E-03      1.1276E+00      1.0266E+00      1.2587E+00      9.1389E-03      8.9414E+01      9.0334E+01      1.0000E+00
      9.2406E-03      1.1139E+00      1.0214E+00      1.2291E+00      9.2258E-03      8.9654E+01      9.0385E+01      1.0000E+00
      9.1341E-03      1.1205E+00      1.0242E+00      1.2442E+00      9.1051E-03      8.8845E+01      9.1138E+01      1.0000E+00
      9.4085E-03      1.1441E+00      1.0330E+00      1.2913E+00      9.1718E-03      8.7307E+01      9.1547E+01      1.0000E+00
      9.5857E-03      1.1335E+00      1.0347E+00      1.2985E+00      9.1877E-03      8.6622E+01      9.4615E+01      1.0000E+00
      9.5624E-03      1.1835E+00      1.0479E+00      1.3332E+00      9.0792E-03      8.3749E+01      9.7373E+01      1.0000E+00
      1.1599E-02      1.2157E+00      1.0657E+00      1.4297E+00      1.0383E-02      7.8984E+01      9.6773E+01      1.0000E+00
      9.3003E-03      1.1078E+00      1.0205E+00      1.2237E+00      9.2295E-03      8.9129E+01      9.0942E+01      1.0000E+00
      9.2284E-03      1.1114E+00      1.0240E+00      1.2416E+00      8.9722E-03      8.7066E+01      9.3784E+01      1.0000E+00
      9.4209E-03      1.1008E+00      1.0178E+00      1.2072E+00      9.3722E-03      8.9365E+01      9.0604E+01      1.0000E+00
      9.7615E-03      1.0882E+00      1.0180E+00      1.2000E+00      9.4997E-03      8.6649E+01      9.2972E+01      1.0000E+00
      7.4477E-03      1.2308E+00      1.0864E+00      1.5076E+00      6.0012E-03      7.9699E+01      1.0219E+02      1.0000E+00
      1.3465E-02      1.8647E+00      1.7647E+00      2.1984E+00      7.4498E-03      4.3216E+01      1.4159E+02      1.0000E+00
      1.1477E-02      1.3289E+00      1.3739E+00      1.9531E+00      7.4629E-03      5.7378E+01      1.1621E+02      1.0000E+00
      3.2905E-02      1.1855E+00      1.0748E+00      1.3738E+00      2.6037E-02      8.1086E+01      1.0992E+02      1.0000E+00
      3.5637E-02      1.3053E+00      1.1700E+00      1.6341E+00      2.5283E-02      7.6822E+01      1.1749E+02      1.0000E+00
      4.1158E-02      1.1946E+00      1.0482E+00      1.3589E+00      3.7507E-02      8.3485E+01      9.4754E+01      1.0000E+00
      7.7319E-03      1.2495E+00      1.0918E+00      1.5148E+00      6.1898E-03      8.0531E+01      1.0416E+02      1.0000E+00
      1.3191E-02      1.6941E+00      1.5603E+00      2.0091E+00      7.7135E-03      4.8705E+01      1.3702E+02      1.0000E+00
      1.3287E-02      1.3167E+00      1.3334E+00      2.0535E+00      7.9788E-03      6.8014E+01      1.1882E+02      1.0000E+00
      9.4258E-03      1.1003E+00      1.0175E+00      1.2055E+00      9.3830E-03      8.9723E+01      9.0246E+01      1.0000E+00
      9.8010E-03      1.0887E+00      1.0167E+00      1.1981E+00      9.5401E-03      8.7940E+01      9.1419E+01      1.0000E+00
      9.3214E-03      1.1057E+00      1.0193E+00      1.2164E+00      9.2652E-03      8.9688E+01      9.0455E+01      1.0000E+00
      9.2329E-03      1.1085E+00      1.0225E+00      1.2356E+00      8.9547E-03      8.8548E+01      9.2556E+01      1.0000E+00
      1.1675E-02      1.2958E+00      1.3005E+00      1.8780E+00      7.6955E-03      6.0256E+01      1.1299E+02      1.0000E+00
      7.8349E-03      1.1934E+00      1.0750E+00      1.4517E+00      6.6221E-03      8.3451E+01      1.0445E+02      1.0000E+00
      1.6164E-02      1.8814E+00      1.7406E+00      2.2735E+00      7.7126E-03      4.7155E+01      1.4256E+02      1.0000E+00
      9.2601E-03      1.1098E+00      1.0200E+00      1.2209E+00      9.2354E-03      8.9846E+01      9.0274E+01      1.0000E+00
      9.3356E-03      1.1025E+00      1.0225E+00      1.2361E+00      8.9765E-03      8.8061E+01      9.2891E+01      1.0000E+00
      9.1951E-03      1.1169E+00      1.0237E+00      1.2422E+00      9.1191E-03      8.9196E+01      9.0697E+01      1.0000E+00
      9.4954E-03      1.1164E+00      1.0293E+00      1.2619E+00      9.1330E-03      8.5402E+01      9.3670E+01      1.0000E+00
      8.0451E-03      1.1774E+00      1.0574E+00      1.3867E+00      7.0208E-03      8.5357E+01      1.0151E+02      1.0000E+00
      1.7255E-02      1.8156E+00      1.6686E+00      2.2849E+00      9.2713E-03      4.6601E+01      1.3872E+02      1.0000E+00
      1.4114E-02      1.5290E+00      1.4234E+00      2.2711E+00      8.0161E-03      5.2723E+01      1.1977E+02      1.0000E+00
      3.0343E-02      1.2642E+00      1.1732E+00      1.7559E+00      2.1528E-02      7.0532E+01      1.0169E+02      1.0000E+00
      5.5241E-02      2.0756E+00      1.7017E+00      2.4024E+00      3.1316E-02      3.8716E+01      1.3815E+02      1.0000E+00
      5.2527E-02      1.6007E+00      1.6376E+00      2.7868E+00      2.5396E-02      5.1284E+01      1.2016E+02      1.0000E+00
      6.9144E-02      1.1472E+00      1.0396E+00      1.2770E+00      6.6327E-02      8.2247E+01      9.9547E+01      1.0000E+00
      1.6623E-02      1.1706E+00      1.0509E+00      1.3311E+00      1.5234E-02      8.2191E+01      1.0166E+02      1.0000E+00
